timestamp_unix,timestamp_iso,participant_full_id,temperature_celsius,missing_value_reason
1749686400000,2025-06-12T00:00:00Z,1573-1-1-31,,device_not_recording
1749686460000,2025-06-12T00:01:00Z,1573-1-1-31,,device_not_recording
1749686520000,2025-06-12T00:02:00Z,1573-1-1-31,,device_not_recording
1749686580000,2025-06-12T00:03:00Z,1573-1-1-31,,device_not_recording
1749686640000,2025-06-12T00:04:00Z,1573-1-1-31,,device_not_recording
1749686700000,2025-06-12T00:05:00Z,1573-1-1-31,,device_not_recording
1749686760000,2025-06-12T00:06:00Z,1573-1-1-31,,device_not_recording
1749686820000,2025-06-12T00:07:00Z,1573-1-1-31,,device_not_recording
1749686880000,2025-06-12T00:08:00Z,1573-1-1-31,,device_not_recording
1749686940000,2025-06-12T00:09:00Z,1573-1-1-31,,device_not_recording
1749687000000,2025-06-12T00:10:00Z,1573-1-1-31,,device_not_recording
1749687060000,2025-06-12T00:11:00Z,1573-1-1-31,,device_not_recording
1749687120000,2025-06-12T00:12:00Z,1573-1-1-31,,device_not_recording
1749687180000,2025-06-12T00:13:00Z,1573-1-1-31,,device_not_recording
1749687240000,2025-06-12T00:14:00Z,1573-1-1-31,,device_not_recording
1749687300000,2025-06-12T00:15:00Z,1573-1-1-31,,device_not_recording
1749687360000,2025-06-12T00:16:00Z,1573-1-1-31,,device_not_recording
1749687420000,2025-06-12T00:17:00Z,1573-1-1-31,,device_not_recording
1749687480000,2025-06-12T00:18:00Z,1573-1-1-31,,device_not_recording
1749687540000,2025-06-12T00:19:00Z,1573-1-1-31,,device_not_recording
1749687600000,2025-06-12T00:20:00Z,1573-1-1-31,,device_not_recording
1749687660000,2025-06-12T00:21:00Z,1573-1-1-31,,device_not_recording
1749687720000,2025-06-12T00:22:00Z,1573-1-1-31,,device_not_recording
1749687780000,2025-06-12T00:23:00Z,1573-1-1-31,,device_not_recording
1749687840000,2025-06-12T00:24:00Z,1573-1-1-31,,device_not_recording
1749687900000,2025-06-12T00:25:00Z,1573-1-1-31,,device_not_recording
1749687960000,2025-06-12T00:26:00Z,1573-1-1-31,,device_not_recording
1749688020000,2025-06-12T00:27:00Z,1573-1-1-31,,device_not_recording
1749688080000,2025-06-12T00:28:00Z,1573-1-1-31,,device_not_recording
1749688140000,2025-06-12T00:29:00Z,1573-1-1-31,,device_not_recording
1749688200000,2025-06-12T00:30:00Z,1573-1-1-31,,device_not_recording
1749688260000,2025-06-12T00:31:00Z,1573-1-1-31,,device_not_recording
1749688320000,2025-06-12T00:32:00Z,1573-1-1-31,,device_not_recording
1749688380000,2025-06-12T00:33:00Z,1573-1-1-31,,device_not_recording
1749688440000,2025-06-12T00:34:00Z,1573-1-1-31,,device_not_recording
1749688500000,2025-06-12T00:35:00Z,1573-1-1-31,,device_not_recording
1749688560000,2025-06-12T00:36:00Z,1573-1-1-31,,device_not_recording
1749688620000,2025-06-12T00:37:00Z,1573-1-1-31,,device_not_recording
1749688680000,2025-06-12T00:38:00Z,1573-1-1-31,,device_not_recording
1749688740000,2025-06-12T00:39:00Z,1573-1-1-31,,device_not_recording
1749688800000,2025-06-12T00:40:00Z,1573-1-1-31,,device_not_recording
1749688860000,2025-06-12T00:41:00Z,1573-1-1-31,,device_not_recording
1749688920000,2025-06-12T00:42:00Z,1573-1-1-31,,device_not_recording
1749688980000,2025-06-12T00:43:00Z,1573-1-1-31,,device_not_recording
1749689040000,2025-06-12T00:44:00Z,1573-1-1-31,,device_not_recording
1749689100000,2025-06-12T00:45:00Z,1573-1-1-31,,device_not_recording
1749689160000,2025-06-12T00:46:00Z,1573-1-1-31,,device_not_recording
1749689220000,2025-06-12T00:47:00Z,1573-1-1-31,,device_not_recording
1749689280000,2025-06-12T00:48:00Z,1573-1-1-31,,device_not_recording
1749689340000,2025-06-12T00:49:00Z,1573-1-1-31,,device_not_recording
1749689400000,2025-06-12T00:50:00Z,1573-1-1-31,,device_not_recording
1749689460000,2025-06-12T00:51:00Z,1573-1-1-31,,device_not_recording
1749689520000,2025-06-12T00:52:00Z,1573-1-1-31,,device_not_recording
1749689580000,2025-06-12T00:53:00Z,1573-1-1-31,,device_not_recording
1749689640000,2025-06-12T00:54:00Z,1573-1-1-31,,device_not_recording
1749689700000,2025-06-12T00:55:00Z,1573-1-1-31,,device_not_recording
1749689760000,2025-06-12T00:56:00Z,1573-1-1-31,,device_not_recording
1749689820000,2025-06-12T00:57:00Z,1573-1-1-31,,device_not_recording
1749689880000,2025-06-12T00:58:00Z,1573-1-1-31,,device_not_recording
1749689940000,2025-06-12T00:59:00Z,1573-1-1-31,,device_not_recording
1749690000000,2025-06-12T01:00:00Z,1573-1-1-31,,device_not_recording
1749690060000,2025-06-12T01:01:00Z,1573-1-1-31,,device_not_recording
1749690120000,2025-06-12T01:02:00Z,1573-1-1-31,,device_not_recording
1749690180000,2025-06-12T01:03:00Z,1573-1-1-31,,device_not_recording
1749690240000,2025-06-12T01:04:00Z,1573-1-1-31,,device_not_recording
1749690300000,2025-06-12T01:05:00Z,1573-1-1-31,,device_not_recording
1749690360000,2025-06-12T01:06:00Z,1573-1-1-31,,device_not_recording
1749690420000,2025-06-12T01:07:00Z,1573-1-1-31,,device_not_recording
1749690480000,2025-06-12T01:08:00Z,1573-1-1-31,,device_not_recording
1749690540000,2025-06-12T01:09:00Z,1573-1-1-31,,device_not_recording
1749690600000,2025-06-12T01:10:00Z,1573-1-1-31,,device_not_recording
1749690660000,2025-06-12T01:11:00Z,1573-1-1-31,,device_not_recording
1749690720000,2025-06-12T01:12:00Z,1573-1-1-31,,device_not_recording
1749690780000,2025-06-12T01:13:00Z,1573-1-1-31,,device_not_recording
1749690840000,2025-06-12T01:14:00Z,1573-1-1-31,,device_not_recording
1749690900000,2025-06-12T01:15:00Z,1573-1-1-31,,device_not_recording
1749690960000,2025-06-12T01:16:00Z,1573-1-1-31,,device_not_recording
1749691020000,2025-06-12T01:17:00Z,1573-1-1-31,,device_not_recording
1749691080000,2025-06-12T01:18:00Z,1573-1-1-31,,device_not_recording
1749691140000,2025-06-12T01:19:00Z,1573-1-1-31,,device_not_recording
1749691200000,2025-06-12T01:20:00Z,1573-1-1-31,,device_not_recording
1749691260000,2025-06-12T01:21:00Z,1573-1-1-31,,device_not_recording
1749691320000,2025-06-12T01:22:00Z,1573-1-1-31,,device_not_recording
1749691380000,2025-06-12T01:23:00Z,1573-1-1-31,,device_not_recording
1749691440000,2025-06-12T01:24:00Z,1573-1-1-31,,device_not_recording
1749691500000,2025-06-12T01:25:00Z,1573-1-1-31,,device_not_recording
1749691560000,2025-06-12T01:26:00Z,1573-1-1-31,,device_not_recording
1749691620000,2025-06-12T01:27:00Z,1573-1-1-31,,device_not_recording
1749691680000,2025-06-12T01:28:00Z,1573-1-1-31,,device_not_recording
1749691740000,2025-06-12T01:29:00Z,1573-1-1-31,,device_not_recording
1749691800000,2025-06-12T01:30:00Z,1573-1-1-31,,device_not_recording
1749691860000,2025-06-12T01:31:00Z,1573-1-1-31,,device_not_recording
1749691920000,2025-06-12T01:32:00Z,1573-1-1-31,,device_not_recording
1749691980000,2025-06-12T01:33:00Z,1573-1-1-31,,device_not_recording
1749692040000,2025-06-12T01:34:00Z,1573-1-1-31,,device_not_recording
1749692100000,2025-06-12T01:35:00Z,1573-1-1-31,,device_not_recording
1749692160000,2025-06-12T01:36:00Z,1573-1-1-31,,device_not_recording
1749692220000,2025-06-12T01:37:00Z,1573-1-1-31,,device_not_recording
1749692280000,2025-06-12T01:38:00Z,1573-1-1-31,,device_not_recording
1749692340000,2025-06-12T01:39:00Z,1573-1-1-31,,device_not_recording
1749692400000,2025-06-12T01:40:00Z,1573-1-1-31,,device_not_recording
1749692460000,2025-06-12T01:41:00Z,1573-1-1-31,,device_not_recording
1749692520000,2025-06-12T01:42:00Z,1573-1-1-31,,device_not_recording
1749692580000,2025-06-12T01:43:00Z,1573-1-1-31,,device_not_recording
1749692640000,2025-06-12T01:44:00Z,1573-1-1-31,,device_not_recording
1749692700000,2025-06-12T01:45:00Z,1573-1-1-31,,device_not_recording
1749692760000,2025-06-12T01:46:00Z,1573-1-1-31,,device_not_recording
1749692820000,2025-06-12T01:47:00Z,1573-1-1-31,,device_not_recording
1749692880000,2025-06-12T01:48:00Z,1573-1-1-31,,device_not_recording
1749692940000,2025-06-12T01:49:00Z,1573-1-1-31,,device_not_recording
1749693000000,2025-06-12T01:50:00Z,1573-1-1-31,,device_not_recording
1749693060000,2025-06-12T01:51:00Z,1573-1-1-31,,device_not_recording
1749693120000,2025-06-12T01:52:00Z,1573-1-1-31,,device_not_recording
1749693180000,2025-06-12T01:53:00Z,1573-1-1-31,,device_not_recording
1749693240000,2025-06-12T01:54:00Z,1573-1-1-31,,device_not_recording
1749693300000,2025-06-12T01:55:00Z,1573-1-1-31,,device_not_recording
1749693360000,2025-06-12T01:56:00Z,1573-1-1-31,,device_not_recording
1749693420000,2025-06-12T01:57:00Z,1573-1-1-31,,device_not_recording
1749693480000,2025-06-12T01:58:00Z,1573-1-1-31,,device_not_recording
1749693540000,2025-06-12T01:59:00Z,1573-1-1-31,,device_not_recording
1749693600000,2025-06-12T02:00:00Z,1573-1-1-31,,device_not_recording
1749693660000,2025-06-12T02:01:00Z,1573-1-1-31,,device_not_recording
1749693720000,2025-06-12T02:02:00Z,1573-1-1-31,,device_not_recording
1749693780000,2025-06-12T02:03:00Z,1573-1-1-31,,device_not_recording
1749693840000,2025-06-12T02:04:00Z,1573-1-1-31,,device_not_recording
1749693900000,2025-06-12T02:05:00Z,1573-1-1-31,,device_not_recording
1749693960000,2025-06-12T02:06:00Z,1573-1-1-31,,device_not_recording
1749694020000,2025-06-12T02:07:00Z,1573-1-1-31,,device_not_recording
1749694080000,2025-06-12T02:08:00Z,1573-1-1-31,,device_not_recording
1749694140000,2025-06-12T02:09:00Z,1573-1-1-31,,device_not_recording
1749694200000,2025-06-12T02:10:00Z,1573-1-1-31,,device_not_recording
1749694260000,2025-06-12T02:11:00Z,1573-1-1-31,,device_not_recording
1749694320000,2025-06-12T02:12:00Z,1573-1-1-31,,device_not_recording
1749694380000,2025-06-12T02:13:00Z,1573-1-1-31,,device_not_recording
1749694440000,2025-06-12T02:14:00Z,1573-1-1-31,,device_not_recording
1749694500000,2025-06-12T02:15:00Z,1573-1-1-31,,device_not_recording
1749694560000,2025-06-12T02:16:00Z,1573-1-1-31,,device_not_recording
1749694620000,2025-06-12T02:17:00Z,1573-1-1-31,,device_not_recording
1749694680000,2025-06-12T02:18:00Z,1573-1-1-31,,device_not_recording
1749694740000,2025-06-12T02:19:00Z,1573-1-1-31,,device_not_recording
1749694800000,2025-06-12T02:20:00Z,1573-1-1-31,,device_not_recording
1749694860000,2025-06-12T02:21:00Z,1573-1-1-31,,device_not_recording
1749694920000,2025-06-12T02:22:00Z,1573-1-1-31,,device_not_recording
1749694980000,2025-06-12T02:23:00Z,1573-1-1-31,,device_not_recording
1749695040000,2025-06-12T02:24:00Z,1573-1-1-31,,device_not_recording
1749695100000,2025-06-12T02:25:00Z,1573-1-1-31,,device_not_recording
1749695160000,2025-06-12T02:26:00Z,1573-1-1-31,,device_not_recording
1749695220000,2025-06-12T02:27:00Z,1573-1-1-31,,device_not_recording
1749695280000,2025-06-12T02:28:00Z,1573-1-1-31,,device_not_recording
1749695340000,2025-06-12T02:29:00Z,1573-1-1-31,,device_not_recording
1749695400000,2025-06-12T02:30:00Z,1573-1-1-31,,device_not_recording
1749695460000,2025-06-12T02:31:00Z,1573-1-1-31,,device_not_recording
1749695520000,2025-06-12T02:32:00Z,1573-1-1-31,,device_not_recording
1749695580000,2025-06-12T02:33:00Z,1573-1-1-31,,device_not_recording
1749695640000,2025-06-12T02:34:00Z,1573-1-1-31,,device_not_recording
1749695700000,2025-06-12T02:35:00Z,1573-1-1-31,,device_not_recording
1749695760000,2025-06-12T02:36:00Z,1573-1-1-31,,device_not_recording
1749695820000,2025-06-12T02:37:00Z,1573-1-1-31,,device_not_recording
1749695880000,2025-06-12T02:38:00Z,1573-1-1-31,,device_not_recording
1749695940000,2025-06-12T02:39:00Z,1573-1-1-31,,device_not_recording
1749696000000,2025-06-12T02:40:00Z,1573-1-1-31,,device_not_recording
1749696060000,2025-06-12T02:41:00Z,1573-1-1-31,,device_not_recording
1749696120000,2025-06-12T02:42:00Z,1573-1-1-31,,device_not_recording
1749696180000,2025-06-12T02:43:00Z,1573-1-1-31,,device_not_recording
1749696240000,2025-06-12T02:44:00Z,1573-1-1-31,,device_not_recording
1749696300000,2025-06-12T02:45:00Z,1573-1-1-31,,device_not_recording
1749696360000,2025-06-12T02:46:00Z,1573-1-1-31,,device_not_recording
1749696420000,2025-06-12T02:47:00Z,1573-1-1-31,,device_not_recording
1749696480000,2025-06-12T02:48:00Z,1573-1-1-31,,device_not_recording
1749696540000,2025-06-12T02:49:00Z,1573-1-1-31,,device_not_recording
1749696600000,2025-06-12T02:50:00Z,1573-1-1-31,,device_not_recording
1749696660000,2025-06-12T02:51:00Z,1573-1-1-31,,device_not_recording
1749696720000,2025-06-12T02:52:00Z,1573-1-1-31,,device_not_recording
1749696780000,2025-06-12T02:53:00Z,1573-1-1-31,,device_not_recording
1749696840000,2025-06-12T02:54:00Z,1573-1-1-31,,device_not_recording
1749696900000,2025-06-12T02:55:00Z,1573-1-1-31,,device_not_recording
1749696960000,2025-06-12T02:56:00Z,1573-1-1-31,,device_not_recording
1749697020000,2025-06-12T02:57:00Z,1573-1-1-31,,device_not_recording
1749697080000,2025-06-12T02:58:00Z,1573-1-1-31,,device_not_recording
1749697140000,2025-06-12T02:59:00Z,1573-1-1-31,,device_not_recording
1749697200000,2025-06-12T03:00:00Z,1573-1-1-31,,device_not_recording
1749697260000,2025-06-12T03:01:00Z,1573-1-1-31,,device_not_recording
1749697320000,2025-06-12T03:02:00Z,1573-1-1-31,,device_not_recording
1749697380000,2025-06-12T03:03:00Z,1573-1-1-31,,device_not_recording
1749697440000,2025-06-12T03:04:00Z,1573-1-1-31,,device_not_recording
1749697500000,2025-06-12T03:05:00Z,1573-1-1-31,,device_not_recording
1749697560000,2025-06-12T03:06:00Z,1573-1-1-31,,device_not_recording
1749697620000,2025-06-12T03:07:00Z,1573-1-1-31,,device_not_recording
1749697680000,2025-06-12T03:08:00Z,1573-1-1-31,,device_not_recording
1749697740000,2025-06-12T03:09:00Z,1573-1-1-31,,device_not_recording
1749697800000,2025-06-12T03:10:00Z,1573-1-1-31,,device_not_recording
1749697860000,2025-06-12T03:11:00Z,1573-1-1-31,,device_not_recording
1749697920000,2025-06-12T03:12:00Z,1573-1-1-31,,device_not_recording
1749697980000,2025-06-12T03:13:00Z,1573-1-1-31,,device_not_recording
1749698040000,2025-06-12T03:14:00Z,1573-1-1-31,,device_not_recording
1749698100000,2025-06-12T03:15:00Z,1573-1-1-31,,device_not_recording
1749698160000,2025-06-12T03:16:00Z,1573-1-1-31,,device_not_recording
1749698220000,2025-06-12T03:17:00Z,1573-1-1-31,,device_not_recording
1749698280000,2025-06-12T03:18:00Z,1573-1-1-31,,device_not_recording
1749698340000,2025-06-12T03:19:00Z,1573-1-1-31,,device_not_recording
1749698400000,2025-06-12T03:20:00Z,1573-1-1-31,,device_not_recording
1749698460000,2025-06-12T03:21:00Z,1573-1-1-31,,device_not_recording
1749698520000,2025-06-12T03:22:00Z,1573-1-1-31,,device_not_recording
1749698580000,2025-06-12T03:23:00Z,1573-1-1-31,,device_not_recording
1749698640000,2025-06-12T03:24:00Z,1573-1-1-31,,device_not_recording
1749698700000,2025-06-12T03:25:00Z,1573-1-1-31,,device_not_recording
1749698760000,2025-06-12T03:26:00Z,1573-1-1-31,,device_not_recording
1749698820000,2025-06-12T03:27:00Z,1573-1-1-31,,device_not_recording
1749698880000,2025-06-12T03:28:00Z,1573-1-1-31,,device_not_recording
1749698940000,2025-06-12T03:29:00Z,1573-1-1-31,,device_not_recording
1749699000000,2025-06-12T03:30:00Z,1573-1-1-31,,device_not_recording
1749699060000,2025-06-12T03:31:00Z,1573-1-1-31,,device_not_recording
1749699120000,2025-06-12T03:32:00Z,1573-1-1-31,,device_not_recording
1749699180000,2025-06-12T03:33:00Z,1573-1-1-31,,device_not_recording
1749699240000,2025-06-12T03:34:00Z,1573-1-1-31,,device_not_recording
1749699300000,2025-06-12T03:35:00Z,1573-1-1-31,,device_not_recording
1749699360000,2025-06-12T03:36:00Z,1573-1-1-31,,device_not_recording
1749699420000,2025-06-12T03:37:00Z,1573-1-1-31,,device_not_recording
1749699480000,2025-06-12T03:38:00Z,1573-1-1-31,,device_not_recording
1749699540000,2025-06-12T03:39:00Z,1573-1-1-31,,device_not_recording
1749699600000,2025-06-12T03:40:00Z,1573-1-1-31,,device_not_recording
1749699660000,2025-06-12T03:41:00Z,1573-1-1-31,,device_not_recording
1749699720000,2025-06-12T03:42:00Z,1573-1-1-31,,device_not_recording
1749699780000,2025-06-12T03:43:00Z,1573-1-1-31,,device_not_recording
1749699840000,2025-06-12T03:44:00Z,1573-1-1-31,,device_not_recording
1749699900000,2025-06-12T03:45:00Z,1573-1-1-31,,device_not_recording
1749699960000,2025-06-12T03:46:00Z,1573-1-1-31,,device_not_recording
1749700020000,2025-06-12T03:47:00Z,1573-1-1-31,,device_not_recording
1749700080000,2025-06-12T03:48:00Z,1573-1-1-31,,device_not_recording
1749700140000,2025-06-12T03:49:00Z,1573-1-1-31,,device_not_recording
1749700200000,2025-06-12T03:50:00Z,1573-1-1-31,,device_not_recording
1749700260000,2025-06-12T03:51:00Z,1573-1-1-31,,device_not_recording
1749700320000,2025-06-12T03:52:00Z,1573-1-1-31,,device_not_recording
1749700380000,2025-06-12T03:53:00Z,1573-1-1-31,,device_not_recording
1749700440000,2025-06-12T03:54:00Z,1573-1-1-31,,device_not_recording
1749700500000,2025-06-12T03:55:00Z,1573-1-1-31,,device_not_recording
1749700560000,2025-06-12T03:56:00Z,1573-1-1-31,,device_not_recording
1749700620000,2025-06-12T03:57:00Z,1573-1-1-31,,device_not_recording
1749700680000,2025-06-12T03:58:00Z,1573-1-1-31,,device_not_recording
1749700740000,2025-06-12T03:59:00Z,1573-1-1-31,,device_not_recording
1749700800000,2025-06-12T04:00:00Z,1573-1-1-31,,device_not_recording
1749700860000,2025-06-12T04:01:00Z,1573-1-1-31,,device_not_recording
1749700920000,2025-06-12T04:02:00Z,1573-1-1-31,,device_not_recording
1749700980000,2025-06-12T04:03:00Z,1573-1-1-31,,device_not_recording
1749701040000,2025-06-12T04:04:00Z,1573-1-1-31,,device_not_recording
1749701100000,2025-06-12T04:05:00Z,1573-1-1-31,,device_not_recording
1749701160000,2025-06-12T04:06:00Z,1573-1-1-31,,device_not_recording
1749701220000,2025-06-12T04:07:00Z,1573-1-1-31,,device_not_recording
1749701280000,2025-06-12T04:08:00Z,1573-1-1-31,,device_not_recording
1749701340000,2025-06-12T04:09:00Z,1573-1-1-31,,device_not_recording
1749701400000,2025-06-12T04:10:00Z,1573-1-1-31,,device_not_recording
1749701460000,2025-06-12T04:11:00Z,1573-1-1-31,,device_not_recording
1749701520000,2025-06-12T04:12:00Z,1573-1-1-31,,device_not_recording
1749701580000,2025-06-12T04:13:00Z,1573-1-1-31,,device_not_recording
1749701640000,2025-06-12T04:14:00Z,1573-1-1-31,,device_not_recording
1749701700000,2025-06-12T04:15:00Z,1573-1-1-31,,device_not_recording
1749701760000,2025-06-12T04:16:00Z,1573-1-1-31,,device_not_recording
1749701820000,2025-06-12T04:17:00Z,1573-1-1-31,,device_not_recording
1749701880000,2025-06-12T04:18:00Z,1573-1-1-31,,device_not_recording
1749701940000,2025-06-12T04:19:00Z,1573-1-1-31,,device_not_recording
1749702000000,2025-06-12T04:20:00Z,1573-1-1-31,,device_not_recording
1749702060000,2025-06-12T04:21:00Z,1573-1-1-31,,device_not_recording
1749702120000,2025-06-12T04:22:00Z,1573-1-1-31,,device_not_recording
1749702180000,2025-06-12T04:23:00Z,1573-1-1-31,,device_not_recording
1749702240000,2025-06-12T04:24:00Z,1573-1-1-31,,device_not_recording
1749702300000,2025-06-12T04:25:00Z,1573-1-1-31,,device_not_recording
1749702360000,2025-06-12T04:26:00Z,1573-1-1-31,,device_not_recording
1749702420000,2025-06-12T04:27:00Z,1573-1-1-31,,device_not_recording
1749702480000,2025-06-12T04:28:00Z,1573-1-1-31,,device_not_recording
1749702540000,2025-06-12T04:29:00Z,1573-1-1-31,,device_not_recording
1749702600000,2025-06-12T04:30:00Z,1573-1-1-31,,device_not_recording
1749702660000,2025-06-12T04:31:00Z,1573-1-1-31,,device_not_recording
1749702720000,2025-06-12T04:32:00Z,1573-1-1-31,,device_not_recording
1749702780000,2025-06-12T04:33:00Z,1573-1-1-31,,device_not_recording
1749702840000,2025-06-12T04:34:00Z,1573-1-1-31,,device_not_recording
1749702900000,2025-06-12T04:35:00Z,1573-1-1-31,,device_not_recording
1749702960000,2025-06-12T04:36:00Z,1573-1-1-31,,device_not_recording
1749703020000,2025-06-12T04:37:00Z,1573-1-1-31,,device_not_recording
1749703080000,2025-06-12T04:38:00Z,1573-1-1-31,,device_not_recording
1749703140000,2025-06-12T04:39:00Z,1573-1-1-31,,device_not_recording
1749703200000,2025-06-12T04:40:00Z,1573-1-1-31,,device_not_recording
1749703260000,2025-06-12T04:41:00Z,1573-1-1-31,,device_not_recording
1749703320000,2025-06-12T04:42:00Z,1573-1-1-31,,device_not_recording
1749703380000,2025-06-12T04:43:00Z,1573-1-1-31,,device_not_recording
1749703440000,2025-06-12T04:44:00Z,1573-1-1-31,,device_not_recording
1749703500000,2025-06-12T04:45:00Z,1573-1-1-31,,device_not_recording
1749703560000,2025-06-12T04:46:00Z,1573-1-1-31,,device_not_recording
1749703620000,2025-06-12T04:47:00Z,1573-1-1-31,,device_not_recording
1749703680000,2025-06-12T04:48:00Z,1573-1-1-31,,device_not_recording
1749703740000,2025-06-12T04:49:00Z,1573-1-1-31,,device_not_recording
1749703800000,2025-06-12T04:50:00Z,1573-1-1-31,,device_not_recording
1749703860000,2025-06-12T04:51:00Z,1573-1-1-31,,device_not_recording
1749703920000,2025-06-12T04:52:00Z,1573-1-1-31,,device_not_recording
1749703980000,2025-06-12T04:53:00Z,1573-1-1-31,,device_not_recording
1749704040000,2025-06-12T04:54:00Z,1573-1-1-31,,device_not_recording
1749704100000,2025-06-12T04:55:00Z,1573-1-1-31,,device_not_recording
1749704160000,2025-06-12T04:56:00Z,1573-1-1-31,,device_not_recording
1749704220000,2025-06-12T04:57:00Z,1573-1-1-31,,device_not_recording
1749704280000,2025-06-12T04:58:00Z,1573-1-1-31,,device_not_recording
1749704340000,2025-06-12T04:59:00Z,1573-1-1-31,,device_not_recording
1749704400000,2025-06-12T05:00:00Z,1573-1-1-31,,device_not_recording
1749704460000,2025-06-12T05:01:00Z,1573-1-1-31,,device_not_recording
1749704520000,2025-06-12T05:02:00Z,1573-1-1-31,,device_not_recording
1749704580000,2025-06-12T05:03:00Z,1573-1-1-31,,device_not_recording
1749704640000,2025-06-12T05:04:00Z,1573-1-1-31,,device_not_recording
1749704700000,2025-06-12T05:05:00Z,1573-1-1-31,,device_not_recording
1749704760000,2025-06-12T05:06:00Z,1573-1-1-31,,device_not_recording
1749704820000,2025-06-12T05:07:00Z,1573-1-1-31,,device_not_recording
1749704880000,2025-06-12T05:08:00Z,1573-1-1-31,,device_not_recording
1749704940000,2025-06-12T05:09:00Z,1573-1-1-31,,device_not_recording
1749705000000,2025-06-12T05:10:00Z,1573-1-1-31,,device_not_recording
1749705060000,2025-06-12T05:11:00Z,1573-1-1-31,,device_not_recording
1749705120000,2025-06-12T05:12:00Z,1573-1-1-31,,device_not_recording
1749705180000,2025-06-12T05:13:00Z,1573-1-1-31,,device_not_recording
1749705240000,2025-06-12T05:14:00Z,1573-1-1-31,,device_not_recording
1749705300000,2025-06-12T05:15:00Z,1573-1-1-31,,device_not_recording
1749705360000,2025-06-12T05:16:00Z,1573-1-1-31,,device_not_recording
1749705420000,2025-06-12T05:17:00Z,1573-1-1-31,,device_not_recording
1749705480000,2025-06-12T05:18:00Z,1573-1-1-31,,device_not_recording
1749705540000,2025-06-12T05:19:00Z,1573-1-1-31,,device_not_recording
1749705600000,2025-06-12T05:20:00Z,1573-1-1-31,,device_not_recording
1749705660000,2025-06-12T05:21:00Z,1573-1-1-31,,device_not_recording
1749705720000,2025-06-12T05:22:00Z,1573-1-1-31,,device_not_recording
1749705780000,2025-06-12T05:23:00Z,1573-1-1-31,,device_not_recording
1749705840000,2025-06-12T05:24:00Z,1573-1-1-31,,device_not_recording
1749705900000,2025-06-12T05:25:00Z,1573-1-1-31,,device_not_recording
1749705960000,2025-06-12T05:26:00Z,1573-1-1-31,,device_not_recording
1749706020000,2025-06-12T05:27:00Z,1573-1-1-31,,device_not_recording
1749706080000,2025-06-12T05:28:00Z,1573-1-1-31,,device_not_recording
1749706140000,2025-06-12T05:29:00Z,1573-1-1-31,,device_not_recording
1749706200000,2025-06-12T05:30:00Z,1573-1-1-31,,device_not_recording
1749706260000,2025-06-12T05:31:00Z,1573-1-1-31,,device_not_recording
1749706320000,2025-06-12T05:32:00Z,1573-1-1-31,,device_not_recording
1749706380000,2025-06-12T05:33:00Z,1573-1-1-31,,device_not_recording
1749706440000,2025-06-12T05:34:00Z,1573-1-1-31,,device_not_recording
1749706500000,2025-06-12T05:35:00Z,1573-1-1-31,,device_not_recording
1749706560000,2025-06-12T05:36:00Z,1573-1-1-31,,device_not_recording
1749706620000,2025-06-12T05:37:00Z,1573-1-1-31,,device_not_recording
1749706680000,2025-06-12T05:38:00Z,1573-1-1-31,,device_not_recording
1749706740000,2025-06-12T05:39:00Z,1573-1-1-31,,device_not_recording
1749706800000,2025-06-12T05:40:00Z,1573-1-1-31,,device_not_recording
1749706860000,2025-06-12T05:41:00Z,1573-1-1-31,,device_not_recording
1749706920000,2025-06-12T05:42:00Z,1573-1-1-31,,device_not_recording
1749706980000,2025-06-12T05:43:00Z,1573-1-1-31,,device_not_recording
1749707040000,2025-06-12T05:44:00Z,1573-1-1-31,,device_not_recording
1749707100000,2025-06-12T05:45:00Z,1573-1-1-31,,device_not_recording
1749707160000,2025-06-12T05:46:00Z,1573-1-1-31,,device_not_recording
1749707220000,2025-06-12T05:47:00Z,1573-1-1-31,,device_not_recording
1749707280000,2025-06-12T05:48:00Z,1573-1-1-31,,device_not_recording
1749707340000,2025-06-12T05:49:00Z,1573-1-1-31,,device_not_recording
1749707400000,2025-06-12T05:50:00Z,1573-1-1-31,,device_not_recording
1749707460000,2025-06-12T05:51:00Z,1573-1-1-31,,device_not_recording
1749707520000,2025-06-12T05:52:00Z,1573-1-1-31,,device_not_recording
1749707580000,2025-06-12T05:53:00Z,1573-1-1-31,,device_not_recording
1749707640000,2025-06-12T05:54:00Z,1573-1-1-31,,device_not_recording
1749707700000,2025-06-12T05:55:00Z,1573-1-1-31,,device_not_recording
1749707760000,2025-06-12T05:56:00Z,1573-1-1-31,,device_not_recording
1749707820000,2025-06-12T05:57:00Z,1573-1-1-31,,device_not_recording
1749707880000,2025-06-12T05:58:00Z,1573-1-1-31,,device_not_recording
1749707940000,2025-06-12T05:59:00Z,1573-1-1-31,,device_not_recording
1749708000000,2025-06-12T06:00:00Z,1573-1-1-31,,device_not_recording
1749708060000,2025-06-12T06:01:00Z,1573-1-1-31,,device_not_recording
1749708120000,2025-06-12T06:02:00Z,1573-1-1-31,,device_not_recording
1749708180000,2025-06-12T06:03:00Z,1573-1-1-31,,device_not_recording
1749708240000,2025-06-12T06:04:00Z,1573-1-1-31,,device_not_recording
1749708300000,2025-06-12T06:05:00Z,1573-1-1-31,,device_not_recording
1749708360000,2025-06-12T06:06:00Z,1573-1-1-31,,device_not_recording
1749708420000,2025-06-12T06:07:00Z,1573-1-1-31,,device_not_recording
1749708480000,2025-06-12T06:08:00Z,1573-1-1-31,,device_not_recording
1749708540000,2025-06-12T06:09:00Z,1573-1-1-31,,device_not_recording
1749708600000,2025-06-12T06:10:00Z,1573-1-1-31,,device_not_recording
1749708660000,2025-06-12T06:11:00Z,1573-1-1-31,,device_not_recording
1749708720000,2025-06-12T06:12:00Z,1573-1-1-31,,device_not_recording
1749708780000,2025-06-12T06:13:00Z,1573-1-1-31,,device_not_recording
1749708840000,2025-06-12T06:14:00Z,1573-1-1-31,,device_not_recording
1749708900000,2025-06-12T06:15:00Z,1573-1-1-31,,device_not_recording
1749708960000,2025-06-12T06:16:00Z,1573-1-1-31,,device_not_recording
1749709020000,2025-06-12T06:17:00Z,1573-1-1-31,,device_not_recording
1749709080000,2025-06-12T06:18:00Z,1573-1-1-31,,device_not_recording
1749709140000,2025-06-12T06:19:00Z,1573-1-1-31,,device_not_recording
1749709200000,2025-06-12T06:20:00Z,1573-1-1-31,,device_not_recording
1749709260000,2025-06-12T06:21:00Z,1573-1-1-31,,device_not_recording
1749709320000,2025-06-12T06:22:00Z,1573-1-1-31,,device_not_recording
1749709380000,2025-06-12T06:23:00Z,1573-1-1-31,,device_not_recording
1749709440000,2025-06-12T06:24:00Z,1573-1-1-31,,device_not_recording
1749709500000,2025-06-12T06:25:00Z,1573-1-1-31,,device_not_recording
1749709560000,2025-06-12T06:26:00Z,1573-1-1-31,,device_not_recording
1749709620000,2025-06-12T06:27:00Z,1573-1-1-31,,device_not_recording
1749709680000,2025-06-12T06:28:00Z,1573-1-1-31,,device_not_recording
1749709740000,2025-06-12T06:29:00Z,1573-1-1-31,,device_not_recording
1749709800000,2025-06-12T06:30:00Z,1573-1-1-31,,device_not_recording
1749709860000,2025-06-12T06:31:00Z,1573-1-1-31,,device_not_recording
1749709920000,2025-06-12T06:32:00Z,1573-1-1-31,,device_not_recording
1749709980000,2025-06-12T06:33:00Z,1573-1-1-31,,device_not_recording
1749710040000,2025-06-12T06:34:00Z,1573-1-1-31,,device_not_recording
1749710100000,2025-06-12T06:35:00Z,1573-1-1-31,,device_not_recording
1749710160000,2025-06-12T06:36:00Z,1573-1-1-31,,device_not_recording
1749710220000,2025-06-12T06:37:00Z,1573-1-1-31,,device_not_recording
1749710280000,2025-06-12T06:38:00Z,1573-1-1-31,,device_not_recording
1749710340000,2025-06-12T06:39:00Z,1573-1-1-31,,device_not_recording
1749710400000,2025-06-12T06:40:00Z,1573-1-1-31,,device_not_recording
1749710460000,2025-06-12T06:41:00Z,1573-1-1-31,,device_not_recording
1749710520000,2025-06-12T06:42:00Z,1573-1-1-31,,device_not_recording
1749710580000,2025-06-12T06:43:00Z,1573-1-1-31,,device_not_recording
1749710640000,2025-06-12T06:44:00Z,1573-1-1-31,,device_not_recording
1749710700000,2025-06-12T06:45:00Z,1573-1-1-31,,device_not_recording
1749710760000,2025-06-12T06:46:00Z,1573-1-1-31,,device_not_recording
1749710820000,2025-06-12T06:47:00Z,1573-1-1-31,,device_not_recording
1749710880000,2025-06-12T06:48:00Z,1573-1-1-31,,device_not_recording
1749710940000,2025-06-12T06:49:00Z,1573-1-1-31,,device_not_recording
1749711000000,2025-06-12T06:50:00Z,1573-1-1-31,,device_not_recording
1749711060000,2025-06-12T06:51:00Z,1573-1-1-31,,device_not_recording
1749711120000,2025-06-12T06:52:00Z,1573-1-1-31,,device_not_recording
1749711180000,2025-06-12T06:53:00Z,1573-1-1-31,,device_not_recording
1749711240000,2025-06-12T06:54:00Z,1573-1-1-31,,device_not_recording
1749711300000,2025-06-12T06:55:00Z,1573-1-1-31,,device_not_recording
1749711360000,2025-06-12T06:56:00Z,1573-1-1-31,,device_not_recording
1749711420000,2025-06-12T06:57:00Z,1573-1-1-31,,device_not_recording
1749711480000,2025-06-12T06:58:00Z,1573-1-1-31,,device_not_recording
1749711540000,2025-06-12T06:59:00Z,1573-1-1-31,,device_not_recording
1749711600000,2025-06-12T07:00:00Z,1573-1-1-31,,device_not_recording
1749711660000,2025-06-12T07:01:00Z,1573-1-1-31,,device_not_recording
1749711720000,2025-06-12T07:02:00Z,1573-1-1-31,,device_not_recording
1749711780000,2025-06-12T07:03:00Z,1573-1-1-31,,device_not_recording
1749711840000,2025-06-12T07:04:00Z,1573-1-1-31,,device_not_recording
1749711900000,2025-06-12T07:05:00Z,1573-1-1-31,,device_not_recording
1749711960000,2025-06-12T07:06:00Z,1573-1-1-31,,device_not_recording
1749712020000,2025-06-12T07:07:00Z,1573-1-1-31,,device_not_recording
1749712080000,2025-06-12T07:08:00Z,1573-1-1-31,,device_not_recording
1749712140000,2025-06-12T07:09:00Z,1573-1-1-31,,device_not_recording
1749712200000,2025-06-12T07:10:00Z,1573-1-1-31,,device_not_recording
1749712260000,2025-06-12T07:11:00Z,1573-1-1-31,,device_not_recording
1749712320000,2025-06-12T07:12:00Z,1573-1-1-31,,device_not_recording
1749712380000,2025-06-12T07:13:00Z,1573-1-1-31,,device_not_recording
1749712440000,2025-06-12T07:14:00Z,1573-1-1-31,,device_not_recording
1749712500000,2025-06-12T07:15:00Z,1573-1-1-31,,device_not_recording
1749712560000,2025-06-12T07:16:00Z,1573-1-1-31,,device_not_recording
1749712620000,2025-06-12T07:17:00Z,1573-1-1-31,,device_not_recording
1749712680000,2025-06-12T07:18:00Z,1573-1-1-31,,device_not_recording
1749712740000,2025-06-12T07:19:00Z,1573-1-1-31,,device_not_recording
1749712800000,2025-06-12T07:20:00Z,1573-1-1-31,,device_not_recording
1749712860000,2025-06-12T07:21:00Z,1573-1-1-31,,device_not_recording
1749712920000,2025-06-12T07:22:00Z,1573-1-1-31,,device_not_recording
1749712980000,2025-06-12T07:23:00Z,1573-1-1-31,,device_not_recording
1749713040000,2025-06-12T07:24:00Z,1573-1-1-31,,device_not_recording
1749713100000,2025-06-12T07:25:00Z,1573-1-1-31,,device_not_recording
1749713160000,2025-06-12T07:26:00Z,1573-1-1-31,,device_not_recording
1749713220000,2025-06-12T07:27:00Z,1573-1-1-31,,device_not_recording
1749713280000,2025-06-12T07:28:00Z,1573-1-1-31,,device_not_recording
1749713340000,2025-06-12T07:29:00Z,1573-1-1-31,,device_not_recording
1749713400000,2025-06-12T07:30:00Z,1573-1-1-31,,device_not_recording
1749713460000,2025-06-12T07:31:00Z,1573-1-1-31,,device_not_recording
1749713520000,2025-06-12T07:32:00Z,1573-1-1-31,,device_not_recording
1749713580000,2025-06-12T07:33:00Z,1573-1-1-31,,device_not_recording
1749713640000,2025-06-12T07:34:00Z,1573-1-1-31,,device_not_recording
1749713700000,2025-06-12T07:35:00Z,1573-1-1-31,,device_not_recording
1749713760000,2025-06-12T07:36:00Z,1573-1-1-31,,device_not_recording
1749713820000,2025-06-12T07:37:00Z,1573-1-1-31,,device_not_recording
1749713880000,2025-06-12T07:38:00Z,1573-1-1-31,,device_not_recording
1749713940000,2025-06-12T07:39:00Z,1573-1-1-31,,device_not_recording
1749714000000,2025-06-12T07:40:00Z,1573-1-1-31,,device_not_recording
1749714060000,2025-06-12T07:41:00Z,1573-1-1-31,,device_not_recording
1749714120000,2025-06-12T07:42:00Z,1573-1-1-31,,device_not_recording
1749714180000,2025-06-12T07:43:00Z,1573-1-1-31,,device_not_recording
1749714240000,2025-06-12T07:44:00Z,1573-1-1-31,,device_not_recording
1749714300000,2025-06-12T07:45:00Z,1573-1-1-31,,device_not_recording
1749714360000,2025-06-12T07:46:00Z,1573-1-1-31,,device_not_recording
1749714420000,2025-06-12T07:47:00Z,1573-1-1-31,,device_not_recording
1749714480000,2025-06-12T07:48:00Z,1573-1-1-31,,device_not_recording
1749714540000,2025-06-12T07:49:00Z,1573-1-1-31,,device_not_recording
1749714600000,2025-06-12T07:50:00Z,1573-1-1-31,,device_not_recording
1749714660000,2025-06-12T07:51:00Z,1573-1-1-31,,device_not_recording
1749714720000,2025-06-12T07:52:00Z,1573-1-1-31,,device_not_recording
1749714780000,2025-06-12T07:53:00Z,1573-1-1-31,,device_not_recording
1749714840000,2025-06-12T07:54:00Z,1573-1-1-31,,device_not_recording
1749714900000,2025-06-12T07:55:00Z,1573-1-1-31,,device_not_recording
1749714960000,2025-06-12T07:56:00Z,1573-1-1-31,,device_not_recording
1749715020000,2025-06-12T07:57:00Z,1573-1-1-31,,device_not_recording
1749715080000,2025-06-12T07:58:00Z,1573-1-1-31,,device_not_recording
1749715140000,2025-06-12T07:59:00Z,1573-1-1-31,,device_not_recording
1749715200000,2025-06-12T08:00:00Z,1573-1-1-31,,device_not_recording
1749715260000,2025-06-12T08:01:00Z,1573-1-1-31,,device_not_recording
1749715320000,2025-06-12T08:02:00Z,1573-1-1-31,,device_not_recording
1749715380000,2025-06-12T08:03:00Z,1573-1-1-31,,device_not_recording
1749715440000,2025-06-12T08:04:00Z,1573-1-1-31,,device_not_recording
1749715500000,2025-06-12T08:05:00Z,1573-1-1-31,,device_not_recording
1749715560000,2025-06-12T08:06:00Z,1573-1-1-31,,device_not_recording
1749715620000,2025-06-12T08:07:00Z,1573-1-1-31,,device_not_recording
1749715680000,2025-06-12T08:08:00Z,1573-1-1-31,,device_not_recording
1749715740000,2025-06-12T08:09:00Z,1573-1-1-31,,device_not_recording
1749715800000,2025-06-12T08:10:00Z,1573-1-1-31,,device_not_recording
1749715860000,2025-06-12T08:11:00Z,1573-1-1-31,,device_not_recording
1749715920000,2025-06-12T08:12:00Z,1573-1-1-31,,device_not_recording
1749715980000,2025-06-12T08:13:00Z,1573-1-1-31,,device_not_recording
1749716040000,2025-06-12T08:14:00Z,1573-1-1-31,,device_not_recording
1749716100000,2025-06-12T08:15:00Z,1573-1-1-31,,device_not_recording
1749716160000,2025-06-12T08:16:00Z,1573-1-1-31,,device_not_recording
1749716220000,2025-06-12T08:17:00Z,1573-1-1-31,,device_not_recording
1749716280000,2025-06-12T08:18:00Z,1573-1-1-31,,device_not_recording
1749716340000,2025-06-12T08:19:00Z,1573-1-1-31,,device_not_recording
1749716400000,2025-06-12T08:20:00Z,1573-1-1-31,,device_not_recording
1749716460000,2025-06-12T08:21:00Z,1573-1-1-31,,device_not_recording
1749716520000,2025-06-12T08:22:00Z,1573-1-1-31,,device_not_recording
1749716580000,2025-06-12T08:23:00Z,1573-1-1-31,,device_not_recording
1749716640000,2025-06-12T08:24:00Z,1573-1-1-31,,device_not_recording
1749716700000,2025-06-12T08:25:00Z,1573-1-1-31,,device_not_recording
1749716760000,2025-06-12T08:26:00Z,1573-1-1-31,,device_not_recording
1749716820000,2025-06-12T08:27:00Z,1573-1-1-31,,device_not_recording
1749716880000,2025-06-12T08:28:00Z,1573-1-1-31,,device_not_recording
1749716940000,2025-06-12T08:29:00Z,1573-1-1-31,,device_not_recording
1749717000000,2025-06-12T08:30:00Z,1573-1-1-31,,device_not_recording
1749717060000,2025-06-12T08:31:00Z,1573-1-1-31,,device_not_recording
1749717120000,2025-06-12T08:32:00Z,1573-1-1-31,,device_not_recording
1749717180000,2025-06-12T08:33:00Z,1573-1-1-31,,device_not_recording
1749717240000,2025-06-12T08:34:00Z,1573-1-1-31,,device_not_recording
1749717300000,2025-06-12T08:35:00Z,1573-1-1-31,,device_not_recording
1749717360000,2025-06-12T08:36:00Z,1573-1-1-31,,device_not_recording
1749717420000,2025-06-12T08:37:00Z,1573-1-1-31,,device_not_recording
1749717480000,2025-06-12T08:38:00Z,1573-1-1-31,,device_not_recording
1749717540000,2025-06-12T08:39:00Z,1573-1-1-31,,device_not_recording
1749717600000,2025-06-12T08:40:00Z,1573-1-1-31,,device_not_recording
1749717660000,2025-06-12T08:41:00Z,1573-1-1-31,,device_not_recording
1749717720000,2025-06-12T08:42:00Z,1573-1-1-31,,device_not_recording
1749717780000,2025-06-12T08:43:00Z,1573-1-1-31,,device_not_recording
1749717840000,2025-06-12T08:44:00Z,1573-1-1-31,,device_not_recording
1749717900000,2025-06-12T08:45:00Z,1573-1-1-31,,device_not_recording
1749717960000,2025-06-12T08:46:00Z,1573-1-1-31,,device_not_recording
1749718020000,2025-06-12T08:47:00Z,1573-1-1-31,,device_not_recording
1749718080000,2025-06-12T08:48:00Z,1573-1-1-31,,device_not_recording
1749718140000,2025-06-12T08:49:00Z,1573-1-1-31,,device_not_recording
1749718200000,2025-06-12T08:50:00Z,1573-1-1-31,,device_not_recording
1749718260000,2025-06-12T08:51:00Z,1573-1-1-31,,device_not_recording
1749718320000,2025-06-12T08:52:00Z,1573-1-1-31,,device_not_recording
1749718380000,2025-06-12T08:53:00Z,1573-1-1-31,,device_not_recording
1749718440000,2025-06-12T08:54:00Z,1573-1-1-31,,device_not_recording
1749718500000,2025-06-12T08:55:00Z,1573-1-1-31,,device_not_recording
1749718560000,2025-06-12T08:56:00Z,1573-1-1-31,,device_not_recording
1749718620000,2025-06-12T08:57:00Z,1573-1-1-31,,device_not_recording
1749718680000,2025-06-12T08:58:00Z,1573-1-1-31,,device_not_recording
1749718740000,2025-06-12T08:59:00Z,1573-1-1-31,,device_not_recording
1749718800000,2025-06-12T09:00:00Z,1573-1-1-31,,device_not_recording
1749718860000,2025-06-12T09:01:00Z,1573-1-1-31,,device_not_recording
1749718920000,2025-06-12T09:02:00Z,1573-1-1-31,,device_not_recording
1749718980000,2025-06-12T09:03:00Z,1573-1-1-31,,device_not_recording
1749719040000,2025-06-12T09:04:00Z,1573-1-1-31,,device_not_recording
1749719100000,2025-06-12T09:05:00Z,1573-1-1-31,,device_not_recording
1749719160000,2025-06-12T09:06:00Z,1573-1-1-31,,device_not_recording
1749719220000,2025-06-12T09:07:00Z,1573-1-1-31,,device_not_recording
1749719280000,2025-06-12T09:08:00Z,1573-1-1-31,,device_not_recording
1749719340000,2025-06-12T09:09:00Z,1573-1-1-31,,device_not_recording
1749719400000,2025-06-12T09:10:00Z,1573-1-1-31,,device_not_recording
1749719460000,2025-06-12T09:11:00Z,1573-1-1-31,,device_not_recording
1749719520000,2025-06-12T09:12:00Z,1573-1-1-31,,device_not_recording
1749719580000,2025-06-12T09:13:00Z,1573-1-1-31,,device_not_recording
1749719640000,2025-06-12T09:14:00Z,1573-1-1-31,,device_not_recording
1749719700000,2025-06-12T09:15:00Z,1573-1-1-31,,device_not_recording
1749719760000,2025-06-12T09:16:00Z,1573-1-1-31,,device_not_recording
1749719820000,2025-06-12T09:17:00Z,1573-1-1-31,,device_not_recording
1749719880000,2025-06-12T09:18:00Z,1573-1-1-31,,device_not_recording
1749719940000,2025-06-12T09:19:00Z,1573-1-1-31,,device_not_recording
1749720000000,2025-06-12T09:20:00Z,1573-1-1-31,,device_not_recording
1749720060000,2025-06-12T09:21:00Z,1573-1-1-31,,device_not_recording
1749720120000,2025-06-12T09:22:00Z,1573-1-1-31,,device_not_recording
1749720180000,2025-06-12T09:23:00Z,1573-1-1-31,,device_not_recording
1749720240000,2025-06-12T09:24:00Z,1573-1-1-31,,device_not_recording
1749720300000,2025-06-12T09:25:00Z,1573-1-1-31,,device_not_recording
1749720360000,2025-06-12T09:26:00Z,1573-1-1-31,,device_not_recording
1749720420000,2025-06-12T09:27:00Z,1573-1-1-31,,device_not_recording
1749720480000,2025-06-12T09:28:00Z,1573-1-1-31,,device_not_recording
1749720540000,2025-06-12T09:29:00Z,1573-1-1-31,,device_not_recording
1749720600000,2025-06-12T09:30:00Z,1573-1-1-31,,device_not_recording
1749720660000,2025-06-12T09:31:00Z,1573-1-1-31,,device_not_recording
1749720720000,2025-06-12T09:32:00Z,1573-1-1-31,,device_not_recording
1749720780000,2025-06-12T09:33:00Z,1573-1-1-31,,device_not_recording
1749720840000,2025-06-12T09:34:00Z,1573-1-1-31,,device_not_recording
1749720900000,2025-06-12T09:35:00Z,1573-1-1-31,,device_not_recording
1749720960000,2025-06-12T09:36:00Z,1573-1-1-31,,device_not_recording
1749721020000,2025-06-12T09:37:00Z,1573-1-1-31,,device_not_recording
1749721080000,2025-06-12T09:38:00Z,1573-1-1-31,,device_not_recording
1749721140000,2025-06-12T09:39:00Z,1573-1-1-31,,device_not_recording
1749721200000,2025-06-12T09:40:00Z,1573-1-1-31,,device_not_recording
1749721260000,2025-06-12T09:41:00Z,1573-1-1-31,,device_not_recording
1749721320000,2025-06-12T09:42:00Z,1573-1-1-31,,device_not_recording
1749721380000,2025-06-12T09:43:00Z,1573-1-1-31,,device_not_recording
1749721440000,2025-06-12T09:44:00Z,1573-1-1-31,,device_not_recording
1749721500000,2025-06-12T09:45:00Z,1573-1-1-31,,device_not_recording
1749721560000,2025-06-12T09:46:00Z,1573-1-1-31,,device_not_recording
1749721620000,2025-06-12T09:47:00Z,1573-1-1-31,,device_not_recording
1749721680000,2025-06-12T09:48:00Z,1573-1-1-31,,device_not_recording
1749721740000,2025-06-12T09:49:00Z,1573-1-1-31,,device_not_recording
1749721800000,2025-06-12T09:50:00Z,1573-1-1-31,,device_not_recording
1749721860000,2025-06-12T09:51:00Z,1573-1-1-31,,device_not_recording
1749721920000,2025-06-12T09:52:00Z,1573-1-1-31,,device_not_recording
1749721980000,2025-06-12T09:53:00Z,1573-1-1-31,,device_not_recording
1749722040000,2025-06-12T09:54:00Z,1573-1-1-31,,device_not_recording
1749722100000,2025-06-12T09:55:00Z,1573-1-1-31,,device_not_recording
1749722160000,2025-06-12T09:56:00Z,1573-1-1-31,,device_not_recording
1749722220000,2025-06-12T09:57:00Z,1573-1-1-31,,device_not_recording
1749722280000,2025-06-12T09:58:00Z,1573-1-1-31,,device_not_recording
1749722340000,2025-06-12T09:59:00Z,1573-1-1-31,,device_not_recording
1749722400000,2025-06-12T10:00:00Z,1573-1-1-31,,device_not_recording
1749722460000,2025-06-12T10:01:00Z,1573-1-1-31,,device_not_recording
1749722520000,2025-06-12T10:02:00Z,1573-1-1-31,,device_not_recording
1749722580000,2025-06-12T10:03:00Z,1573-1-1-31,,device_not_recording
1749722640000,2025-06-12T10:04:00Z,1573-1-1-31,,device_not_recording
1749722700000,2025-06-12T10:05:00Z,1573-1-1-31,,device_not_recording
1749722760000,2025-06-12T10:06:00Z,1573-1-1-31,,device_not_recording
1749722820000,2025-06-12T10:07:00Z,1573-1-1-31,,device_not_recording
1749722880000,2025-06-12T10:08:00Z,1573-1-1-31,,device_not_recording
1749722940000,2025-06-12T10:09:00Z,1573-1-1-31,,device_not_recording
1749723000000,2025-06-12T10:10:00Z,1573-1-1-31,,device_not_recording
1749723060000,2025-06-12T10:11:00Z,1573-1-1-31,,device_not_recording
1749723120000,2025-06-12T10:12:00Z,1573-1-1-31,,device_not_recording
1749723180000,2025-06-12T10:13:00Z,1573-1-1-31,,device_not_recording
1749723240000,2025-06-12T10:14:00Z,1573-1-1-31,,device_not_recording
1749723300000,2025-06-12T10:15:00Z,1573-1-1-31,,device_not_recording
1749723360000,2025-06-12T10:16:00Z,1573-1-1-31,,device_not_recording
1749723420000,2025-06-12T10:17:00Z,1573-1-1-31,,device_not_recording
1749723480000,2025-06-12T10:18:00Z,1573-1-1-31,,device_not_recording
1749723540000,2025-06-12T10:19:00Z,1573-1-1-31,,device_not_recording
1749723600000,2025-06-12T10:20:00Z,1573-1-1-31,,device_not_recording
1749723660000,2025-06-12T10:21:00Z,1573-1-1-31,,device_not_recording
1749723720000,2025-06-12T10:22:00Z,1573-1-1-31,,device_not_recording
1749723780000,2025-06-12T10:23:00Z,1573-1-1-31,,device_not_recording
1749723840000,2025-06-12T10:24:00Z,1573-1-1-31,,device_not_recording
1749723900000,2025-06-12T10:25:00Z,1573-1-1-31,,device_not_recording
1749723960000,2025-06-12T10:26:00Z,1573-1-1-31,,device_not_recording
1749724020000,2025-06-12T10:27:00Z,1573-1-1-31,,device_not_recording
1749724080000,2025-06-12T10:28:00Z,1573-1-1-31,,device_not_recording
1749724140000,2025-06-12T10:29:00Z,1573-1-1-31,,device_not_recording
1749724200000,2025-06-12T10:30:00Z,1573-1-1-31,,device_not_recording
1749724260000,2025-06-12T10:31:00Z,1573-1-1-31,,device_not_recording
1749724320000,2025-06-12T10:32:00Z,1573-1-1-31,,device_not_recording
1749724380000,2025-06-12T10:33:00Z,1573-1-1-31,,device_not_recording
1749724440000,2025-06-12T10:34:00Z,1573-1-1-31,,device_not_recording
1749724500000,2025-06-12T10:35:00Z,1573-1-1-31,,device_not_recording
1749724560000,2025-06-12T10:36:00Z,1573-1-1-31,,device_not_recording
1749724620000,2025-06-12T10:37:00Z,1573-1-1-31,,device_not_recording
1749724680000,2025-06-12T10:38:00Z,1573-1-1-31,,device_not_recording
1749724740000,2025-06-12T10:39:00Z,1573-1-1-31,,device_not_recording
1749724800000,2025-06-12T10:40:00Z,1573-1-1-31,,device_not_recording
1749724860000,2025-06-12T10:41:00Z,1573-1-1-31,,device_not_recording
1749724920000,2025-06-12T10:42:00Z,1573-1-1-31,,device_not_recording
1749724980000,2025-06-12T10:43:00Z,1573-1-1-31,,device_not_recording
1749725040000,2025-06-12T10:44:00Z,1573-1-1-31,,device_not_recording
1749725100000,2025-06-12T10:45:00Z,1573-1-1-31,,device_not_recording
1749725160000,2025-06-12T10:46:00Z,1573-1-1-31,,device_not_recording
1749725220000,2025-06-12T10:47:00Z,1573-1-1-31,,device_not_recording
1749725280000,2025-06-12T10:48:00Z,1573-1-1-31,,device_not_recording
1749725340000,2025-06-12T10:49:00Z,1573-1-1-31,,device_not_recording
1749725400000,2025-06-12T10:50:00Z,1573-1-1-31,,device_not_recording
1749725460000,2025-06-12T10:51:00Z,1573-1-1-31,,device_not_recording
1749725520000,2025-06-12T10:52:00Z,1573-1-1-31,,device_not_recording
1749725580000,2025-06-12T10:53:00Z,1573-1-1-31,,device_not_recording
1749725640000,2025-06-12T10:54:00Z,1573-1-1-31,,device_not_recording
1749725700000,2025-06-12T10:55:00Z,1573-1-1-31,,device_not_recording
1749725760000,2025-06-12T10:56:00Z,1573-1-1-31,,device_not_recording
1749725820000,2025-06-12T10:57:00Z,1573-1-1-31,,device_not_recording
1749725880000,2025-06-12T10:58:00Z,1573-1-1-31,,device_not_recording
1749725940000,2025-06-12T10:59:00Z,1573-1-1-31,,device_not_recording
1749726000000,2025-06-12T11:00:00Z,1573-1-1-31,,device_not_recording
1749726060000,2025-06-12T11:01:00Z,1573-1-1-31,,device_not_recording
1749726120000,2025-06-12T11:02:00Z,1573-1-1-31,,device_not_recording
1749726180000,2025-06-12T11:03:00Z,1573-1-1-31,,device_not_recording
1749726240000,2025-06-12T11:04:00Z,1573-1-1-31,,device_not_recording
1749726300000,2025-06-12T11:05:00Z,1573-1-1-31,,device_not_recording
1749726360000,2025-06-12T11:06:00Z,1573-1-1-31,,device_not_recording
1749726420000,2025-06-12T11:07:00Z,1573-1-1-31,,device_not_recording
1749726480000,2025-06-12T11:08:00Z,1573-1-1-31,,device_not_recording
1749726540000,2025-06-12T11:09:00Z,1573-1-1-31,,device_not_recording
1749726600000,2025-06-12T11:10:00Z,1573-1-1-31,,device_not_recording
1749726660000,2025-06-12T11:11:00Z,1573-1-1-31,,device_not_recording
1749726720000,2025-06-12T11:12:00Z,1573-1-1-31,,device_not_recording
1749726780000,2025-06-12T11:13:00Z,1573-1-1-31,,device_not_recording
1749726840000,2025-06-12T11:14:00Z,1573-1-1-31,,device_not_recording
1749726900000,2025-06-12T11:15:00Z,1573-1-1-31,,device_not_recording
1749726960000,2025-06-12T11:16:00Z,1573-1-1-31,,device_not_recording
1749727020000,2025-06-12T11:17:00Z,1573-1-1-31,,device_not_recording
1749727080000,2025-06-12T11:18:00Z,1573-1-1-31,,device_not_recording
1749727140000,2025-06-12T11:19:00Z,1573-1-1-31,,device_not_recording
1749727200000,2025-06-12T11:20:00Z,1573-1-1-31,,device_not_recording
1749727260000,2025-06-12T11:21:00Z,1573-1-1-31,,device_not_recording
1749727320000,2025-06-12T11:22:00Z,1573-1-1-31,,device_not_recording
1749727380000,2025-06-12T11:23:00Z,1573-1-1-31,,device_not_recording
1749727440000,2025-06-12T11:24:00Z,1573-1-1-31,,device_not_recording
1749727500000,2025-06-12T11:25:00Z,1573-1-1-31,,device_not_recording
1749727560000,2025-06-12T11:26:00Z,1573-1-1-31,,device_not_recording
1749727620000,2025-06-12T11:27:00Z,1573-1-1-31,,device_not_recording
1749727680000,2025-06-12T11:28:00Z,1573-1-1-31,,device_not_recording
1749727740000,2025-06-12T11:29:00Z,1573-1-1-31,,device_not_recording
1749727800000,2025-06-12T11:30:00Z,1573-1-1-31,,device_not_recording
1749727860000,2025-06-12T11:31:00Z,1573-1-1-31,,device_not_recording
1749727920000,2025-06-12T11:32:00Z,1573-1-1-31,,device_not_recording
1749727980000,2025-06-12T11:33:00Z,1573-1-1-31,,device_not_recording
1749728040000,2025-06-12T11:34:00Z,1573-1-1-31,,device_not_recording
1749728100000,2025-06-12T11:35:00Z,1573-1-1-31,,device_not_recording
1749728160000,2025-06-12T11:36:00Z,1573-1-1-31,,device_not_recording
1749728220000,2025-06-12T11:37:00Z,1573-1-1-31,,device_not_recording
1749728280000,2025-06-12T11:38:00Z,1573-1-1-31,,device_not_recording
1749728340000,2025-06-12T11:39:00Z,1573-1-1-31,,device_not_recording
1749728400000,2025-06-12T11:40:00Z,1573-1-1-31,,device_not_recording
1749728460000,2025-06-12T11:41:00Z,1573-1-1-31,,device_not_recording
1749728520000,2025-06-12T11:42:00Z,1573-1-1-31,,device_not_recording
1749728580000,2025-06-12T11:43:00Z,1573-1-1-31,,device_not_recording
1749728640000,2025-06-12T11:44:00Z,1573-1-1-31,,device_not_recording
1749728700000,2025-06-12T11:45:00Z,1573-1-1-31,,device_not_recording
1749728760000,2025-06-12T11:46:00Z,1573-1-1-31,,device_not_recording
1749728820000,2025-06-12T11:47:00Z,1573-1-1-31,,device_not_recording
1749728880000,2025-06-12T11:48:00Z,1573-1-1-31,,device_not_recording
1749728940000,2025-06-12T11:49:00Z,1573-1-1-31,,device_not_recording
1749729000000,2025-06-12T11:50:00Z,1573-1-1-31,,device_not_recording
1749729060000,2025-06-12T11:51:00Z,1573-1-1-31,,device_not_recording
1749729120000,2025-06-12T11:52:00Z,1573-1-1-31,,device_not_recording
1749729180000,2025-06-12T11:53:00Z,1573-1-1-31,,device_not_recording
1749729240000,2025-06-12T11:54:00Z,1573-1-1-31,,device_not_recording
1749729300000,2025-06-12T11:55:00Z,1573-1-1-31,,device_not_recording
1749729360000,2025-06-12T11:56:00Z,1573-1-1-31,,device_not_recording
1749729420000,2025-06-12T11:57:00Z,1573-1-1-31,,device_not_recording
1749729480000,2025-06-12T11:58:00Z,1573-1-1-31,,device_not_recording
1749729540000,2025-06-12T11:59:00Z,1573-1-1-31,,device_not_recording
1749729600000,2025-06-12T12:00:00Z,1573-1-1-31,,device_not_recording
1749729660000,2025-06-12T12:01:00Z,1573-1-1-31,,device_not_recording
1749729720000,2025-06-12T12:02:00Z,1573-1-1-31,,device_not_recording
1749729780000,2025-06-12T12:03:00Z,1573-1-1-31,,device_not_recording
1749729840000,2025-06-12T12:04:00Z,1573-1-1-31,,device_not_recording
1749729900000,2025-06-12T12:05:00Z,1573-1-1-31,,device_not_recording
1749729960000,2025-06-12T12:06:00Z,1573-1-1-31,,device_not_recording
1749730020000,2025-06-12T12:07:00Z,1573-1-1-31,,device_not_recording
1749730080000,2025-06-12T12:08:00Z,1573-1-1-31,,device_not_recording
1749730140000,2025-06-12T12:09:00Z,1573-1-1-31,,device_not_recording
1749730200000,2025-06-12T12:10:00Z,1573-1-1-31,,device_not_recording
1749730260000,2025-06-12T12:11:00Z,1573-1-1-31,,device_not_recording
1749730320000,2025-06-12T12:12:00Z,1573-1-1-31,,device_not_recording
1749730380000,2025-06-12T12:13:00Z,1573-1-1-31,,device_not_recording
1749730440000,2025-06-12T12:14:00Z,1573-1-1-31,,device_not_recording
1749730500000,2025-06-12T12:15:00Z,1573-1-1-31,,device_not_recording
1749730560000,2025-06-12T12:16:00Z,1573-1-1-31,,device_not_recording
1749730620000,2025-06-12T12:17:00Z,1573-1-1-31,,device_not_recording
1749730680000,2025-06-12T12:18:00Z,1573-1-1-31,,device_not_recording
1749730740000,2025-06-12T12:19:00Z,1573-1-1-31,,device_not_recording
1749730800000,2025-06-12T12:20:00Z,1573-1-1-31,,device_not_recording
1749730860000,2025-06-12T12:21:00Z,1573-1-1-31,,device_not_recording
1749730920000,2025-06-12T12:22:00Z,1573-1-1-31,,device_not_recording
1749730980000,2025-06-12T12:23:00Z,1573-1-1-31,,device_not_recording
1749731040000,2025-06-12T12:24:00Z,1573-1-1-31,,device_not_recording
1749731100000,2025-06-12T12:25:00Z,1573-1-1-31,,device_not_recording
1749731160000,2025-06-12T12:26:00Z,1573-1-1-31,,device_not_recording
1749731220000,2025-06-12T12:27:00Z,1573-1-1-31,,device_not_recording
1749731280000,2025-06-12T12:28:00Z,1573-1-1-31,,device_not_recording
1749731340000,2025-06-12T12:29:00Z,1573-1-1-31,,device_not_recording
1749731400000,2025-06-12T12:30:00Z,1573-1-1-31,,device_not_recording
1749731460000,2025-06-12T12:31:00Z,1573-1-1-31,,device_not_recording
1749731520000,2025-06-12T12:32:00Z,1573-1-1-31,,device_not_recording
1749731580000,2025-06-12T12:33:00Z,1573-1-1-31,,device_not_recording
1749731640000,2025-06-12T12:34:00Z,1573-1-1-31,,device_not_recording
1749731700000,2025-06-12T12:35:00Z,1573-1-1-31,,device_not_recording
1749731760000,2025-06-12T12:36:00Z,1573-1-1-31,,device_not_recording
1749731820000,2025-06-12T12:37:00Z,1573-1-1-31,,device_not_recording
1749731880000,2025-06-12T12:38:00Z,1573-1-1-31,,device_not_recording
1749731940000,2025-06-12T12:39:00Z,1573-1-1-31,,device_not_recording
1749732000000,2025-06-12T12:40:00Z,1573-1-1-31,,device_not_recording
1749732060000,2025-06-12T12:41:00Z,1573-1-1-31,,device_not_recording
1749732120000,2025-06-12T12:42:00Z,1573-1-1-31,,device_not_recording
1749732180000,2025-06-12T12:43:00Z,1573-1-1-31,,device_not_recording
1749732240000,2025-06-12T12:44:00Z,1573-1-1-31,,device_not_recording
1749732300000,2025-06-12T12:45:00Z,1573-1-1-31,,device_not_recording
1749732360000,2025-06-12T12:46:00Z,1573-1-1-31,,device_not_recording
1749732420000,2025-06-12T12:47:00Z,1573-1-1-31,,device_not_recording
1749732480000,2025-06-12T12:48:00Z,1573-1-1-31,,device_not_recording
1749732540000,2025-06-12T12:49:00Z,1573-1-1-31,,device_not_recording
1749732600000,2025-06-12T12:50:00Z,1573-1-1-31,,device_not_recording
1749732660000,2025-06-12T12:51:00Z,1573-1-1-31,,device_not_recording
1749732720000,2025-06-12T12:52:00Z,1573-1-1-31,,device_not_recording
1749732780000,2025-06-12T12:53:00Z,1573-1-1-31,,device_not_recording
1749732840000,2025-06-12T12:54:00Z,1573-1-1-31,,device_not_recording
1749732900000,2025-06-12T12:55:00Z,1573-1-1-31,,device_not_recording
1749732960000,2025-06-12T12:56:00Z,1573-1-1-31,,device_not_recording
1749733020000,2025-06-12T12:57:00Z,1573-1-1-31,,device_not_recording
1749733080000,2025-06-12T12:58:00Z,1573-1-1-31,,device_not_recording
1749733140000,2025-06-12T12:59:00Z,1573-1-1-31,,device_not_recording
1749733200000,2025-06-12T13:00:00Z,1573-1-1-31,,device_not_recording
1749733260000,2025-06-12T13:01:00Z,1573-1-1-31,,device_not_recording
1749733320000,2025-06-12T13:02:00Z,1573-1-1-31,,device_not_recording
1749733380000,2025-06-12T13:03:00Z,1573-1-1-31,,device_not_recording
1749733440000,2025-06-12T13:04:00Z,1573-1-1-31,,device_not_recording
1749733500000,2025-06-12T13:05:00Z,1573-1-1-31,,device_not_recording
1749733560000,2025-06-12T13:06:00Z,1573-1-1-31,,device_not_recording
1749733620000,2025-06-12T13:07:00Z,1573-1-1-31,,device_not_recording
1749733680000,2025-06-12T13:08:00Z,1573-1-1-31,,device_not_recording
1749733740000,2025-06-12T13:09:00Z,1573-1-1-31,,device_not_recording
1749733800000,2025-06-12T13:10:00Z,1573-1-1-31,,device_not_recording
1749733860000,2025-06-12T13:11:00Z,1573-1-1-31,,device_not_recording
1749733920000,2025-06-12T13:12:00Z,1573-1-1-31,,device_not_recording
1749733980000,2025-06-12T13:13:00Z,1573-1-1-31,,device_not_recording
1749734040000,2025-06-12T13:14:00Z,1573-1-1-31,,device_not_recording
1749734100000,2025-06-12T13:15:00Z,1573-1-1-31,,device_not_recording
1749734160000,2025-06-12T13:16:00Z,1573-1-1-31,,device_not_recording
1749734220000,2025-06-12T13:17:00Z,1573-1-1-31,,device_not_recording
1749734280000,2025-06-12T13:18:00Z,1573-1-1-31,,device_not_recording
1749734340000,2025-06-12T13:19:00Z,1573-1-1-31,,device_not_recording
1749734400000,2025-06-12T13:20:00Z,1573-1-1-31,,device_not_recording
1749734460000,2025-06-12T13:21:00Z,1573-1-1-31,,device_not_recording
1749734520000,2025-06-12T13:22:00Z,1573-1-1-31,,device_not_recording
1749734580000,2025-06-12T13:23:00Z,1573-1-1-31,,device_not_recording
1749734640000,2025-06-12T13:24:00Z,1573-1-1-31,,device_not_recording
1749734700000,2025-06-12T13:25:00Z,1573-1-1-31,,device_not_recording
1749734760000,2025-06-12T13:26:00Z,1573-1-1-31,,device_not_recording
1749734820000,2025-06-12T13:27:00Z,1573-1-1-31,,device_not_recording
1749734880000,2025-06-12T13:28:00Z,1573-1-1-31,,device_not_recording
1749734940000,2025-06-12T13:29:00Z,1573-1-1-31,,device_not_recording
1749735000000,2025-06-12T13:30:00Z,1573-1-1-31,,device_not_recording
1749735060000,2025-06-12T13:31:00Z,1573-1-1-31,,device_not_recording
1749735120000,2025-06-12T13:32:00Z,1573-1-1-31,,device_not_recording
1749735180000,2025-06-12T13:33:00Z,1573-1-1-31,,device_not_recording
1749735240000,2025-06-12T13:34:00Z,1573-1-1-31,,device_not_recording
1749735300000,2025-06-12T13:35:00Z,1573-1-1-31,,device_not_recording
1749735360000,2025-06-12T13:36:00Z,1573-1-1-31,,device_not_recording
1749735420000,2025-06-12T13:37:00Z,1573-1-1-31,,device_not_recording
1749735480000,2025-06-12T13:38:00Z,1573-1-1-31,,device_not_recording
1749735540000,2025-06-12T13:39:00Z,1573-1-1-31,,device_not_recording
1749735600000,2025-06-12T13:40:00Z,1573-1-1-31,,device_not_recording
1749735660000,2025-06-12T13:41:00Z,1573-1-1-31,,device_not_recording
1749735720000,2025-06-12T13:42:00Z,1573-1-1-31,,device_not_recording
1749735780000,2025-06-12T13:43:00Z,1573-1-1-31,,device_not_recording
1749735840000,2025-06-12T13:44:00Z,1573-1-1-31,,device_not_recording
1749735900000,2025-06-12T13:45:00Z,1573-1-1-31,,device_not_recording
1749735960000,2025-06-12T13:46:00Z,1573-1-1-31,,device_not_recording
1749736020000,2025-06-12T13:47:00Z,1573-1-1-31,,device_not_recording
1749736080000,2025-06-12T13:48:00Z,1573-1-1-31,,device_not_recording
1749736140000,2025-06-12T13:49:00Z,1573-1-1-31,,device_not_recording
1749736200000,2025-06-12T13:50:00Z,1573-1-1-31,,device_not_recording
1749736260000,2025-06-12T13:51:00Z,1573-1-1-31,,device_not_recording
1749736320000,2025-06-12T13:52:00Z,1573-1-1-31,,device_not_recording
1749736380000,2025-06-12T13:53:00Z,1573-1-1-31,,device_not_recording
1749736440000,2025-06-12T13:54:00Z,1573-1-1-31,,device_not_recording
1749736500000,2025-06-12T13:55:00Z,1573-1-1-31,,device_not_recording
1749736560000,2025-06-12T13:56:00Z,1573-1-1-31,,device_not_recording
1749736620000,2025-06-12T13:57:00Z,1573-1-1-31,,device_not_recording
1749736680000,2025-06-12T13:58:00Z,1573-1-1-31,,device_not_recording
1749736740000,2025-06-12T13:59:00Z,1573-1-1-31,,device_not_recording
1749736800000,2025-06-12T14:00:00Z,1573-1-1-31,,device_not_recording
1749736860000,2025-06-12T14:01:00Z,1573-1-1-31,,device_not_recording
1749736920000,2025-06-12T14:02:00Z,1573-1-1-31,,device_not_recording
1749736980000,2025-06-12T14:03:00Z,1573-1-1-31,,device_not_recording
1749737040000,2025-06-12T14:04:00Z,1573-1-1-31,,device_not_recording
1749737100000,2025-06-12T14:05:00Z,1573-1-1-31,,device_not_recording
1749737160000,2025-06-12T14:06:00Z,1573-1-1-31,,device_not_recording
1749737220000,2025-06-12T14:07:00Z,1573-1-1-31,,device_not_recording
1749737280000,2025-06-12T14:08:00Z,1573-1-1-31,,device_not_recording
1749737340000,2025-06-12T14:09:00Z,1573-1-1-31,,device_not_recording
1749737400000,2025-06-12T14:10:00Z,1573-1-1-31,,device_not_recording
1749737460000,2025-06-12T14:11:00Z,1573-1-1-31,,device_not_recording
1749737520000,2025-06-12T14:12:00Z,1573-1-1-31,,device_not_recording
1749737580000,2025-06-12T14:13:00Z,1573-1-1-31,,device_not_recording
1749737640000,2025-06-12T14:14:00Z,1573-1-1-31,,device_not_recording
1749737700000,2025-06-12T14:15:00Z,1573-1-1-31,,device_not_recording
1749737760000,2025-06-12T14:16:00Z,1573-1-1-31,,device_not_recording
1749737820000,2025-06-12T14:17:00Z,1573-1-1-31,,device_not_recording
1749737880000,2025-06-12T14:18:00Z,1573-1-1-31,,device_not_recording
1749737940000,2025-06-12T14:19:00Z,1573-1-1-31,,device_not_recording
1749738000000,2025-06-12T14:20:00Z,1573-1-1-31,,device_not_recording
1749738060000,2025-06-12T14:21:00Z,1573-1-1-31,,device_not_recording
1749738120000,2025-06-12T14:22:00Z,1573-1-1-31,,device_not_recording
1749738180000,2025-06-12T14:23:00Z,1573-1-1-31,,device_not_recording
1749738240000,2025-06-12T14:24:00Z,1573-1-1-31,,device_not_recording
1749738300000,2025-06-12T14:25:00Z,1573-1-1-31,,device_not_recording
1749738360000,2025-06-12T14:26:00Z,1573-1-1-31,,device_not_recording
1749738420000,2025-06-12T14:27:00Z,1573-1-1-31,,device_not_recording
1749738480000,2025-06-12T14:28:00Z,1573-1-1-31,,device_not_recording
1749738540000,2025-06-12T14:29:00Z,1573-1-1-31,,device_not_recording
1749738600000,2025-06-12T14:30:00Z,1573-1-1-31,,device_not_recording
1749738660000,2025-06-12T14:31:00Z,1573-1-1-31,,device_not_recording
1749738720000,2025-06-12T14:32:00Z,1573-1-1-31,,device_not_recording
1749738780000,2025-06-12T14:33:00Z,1573-1-1-31,,device_not_recording
1749738840000,2025-06-12T14:34:00Z,1573-1-1-31,,device_not_recording
1749738900000,2025-06-12T14:35:00Z,1573-1-1-31,,device_not_recording
1749738960000,2025-06-12T14:36:00Z,1573-1-1-31,,device_not_recording
1749739020000,2025-06-12T14:37:00Z,1573-1-1-31,,device_not_recording
1749739080000,2025-06-12T14:38:00Z,1573-1-1-31,,device_not_recording
1749739140000,2025-06-12T14:39:00Z,1573-1-1-31,,device_not_recording
1749739200000,2025-06-12T14:40:00Z,1573-1-1-31,,device_not_recording
1749739260000,2025-06-12T14:41:00Z,1573-1-1-31,,device_not_recording
1749739320000,2025-06-12T14:42:00Z,1573-1-1-31,,device_not_recording
1749739380000,2025-06-12T14:43:00Z,1573-1-1-31,,device_not_recording
1749739440000,2025-06-12T14:44:00Z,1573-1-1-31,,device_not_recording
1749739500000,2025-06-12T14:45:00Z,1573-1-1-31,,device_not_recording
1749739560000,2025-06-12T14:46:00Z,1573-1-1-31,,device_not_recording
1749739620000,2025-06-12T14:47:00Z,1573-1-1-31,,device_not_recording
1749739680000,2025-06-12T14:48:00Z,1573-1-1-31,,device_not_recording
1749739740000,2025-06-12T14:49:00Z,1573-1-1-31,,device_not_recording
1749739800000,2025-06-12T14:50:00Z,1573-1-1-31,,device_not_recording
1749739860000,2025-06-12T14:51:00Z,1573-1-1-31,,device_not_recording
1749739920000,2025-06-12T14:52:00Z,1573-1-1-31,,device_not_recording
1749739980000,2025-06-12T14:53:00Z,1573-1-1-31,,device_not_recording
1749740040000,2025-06-12T14:54:00Z,1573-1-1-31,,device_not_recording
1749740100000,2025-06-12T14:55:00Z,1573-1-1-31,,device_not_recording
1749740160000,2025-06-12T14:56:00Z,1573-1-1-31,,device_not_recording
1749740220000,2025-06-12T14:57:00Z,1573-1-1-31,,device_not_recording
1749740280000,2025-06-12T14:58:00Z,1573-1-1-31,,device_not_recording
1749740340000,2025-06-12T14:59:00Z,1573-1-1-31,,device_not_recording
1749740400000,2025-06-12T15:00:00Z,1573-1-1-31,,device_not_recording
1749740460000,2025-06-12T15:01:00Z,1573-1-1-31,,device_not_recording
1749740520000,2025-06-12T15:02:00Z,1573-1-1-31,,device_not_recording
1749740580000,2025-06-12T15:03:00Z,1573-1-1-31,,device_not_recording
1749740640000,2025-06-12T15:04:00Z,1573-1-1-31,,device_not_recording
1749740700000,2025-06-12T15:05:00Z,1573-1-1-31,,device_not_recording
1749740760000,2025-06-12T15:06:00Z,1573-1-1-31,,device_not_recording
1749740820000,2025-06-12T15:07:00Z,1573-1-1-31,,device_not_recording
1749740880000,2025-06-12T15:08:00Z,1573-1-1-31,,device_not_recording
1749740940000,2025-06-12T15:09:00Z,1573-1-1-31,,device_not_recording
1749741000000,2025-06-12T15:10:00Z,1573-1-1-31,,device_not_recording
1749741060000,2025-06-12T15:11:00Z,1573-1-1-31,,device_not_recording
1749741120000,2025-06-12T15:12:00Z,1573-1-1-31,,device_not_recording
1749741180000,2025-06-12T15:13:00Z,1573-1-1-31,,device_not_recording
1749741240000,2025-06-12T15:14:00Z,1573-1-1-31,,device_not_recording
1749741300000,2025-06-12T15:15:00Z,1573-1-1-31,,device_not_recording
1749741360000,2025-06-12T15:16:00Z,1573-1-1-31,,device_not_recording
1749741420000,2025-06-12T15:17:00Z,1573-1-1-31,,device_not_recording
1749741480000,2025-06-12T15:18:00Z,1573-1-1-31,,device_not_recording
1749741540000,2025-06-12T15:19:00Z,1573-1-1-31,,device_not_recording
1749741600000,2025-06-12T15:20:00Z,1573-1-1-31,,device_not_recording
1749741660000,2025-06-12T15:21:00Z,1573-1-1-31,,device_not_recording
1749741720000,2025-06-12T15:22:00Z,1573-1-1-31,,device_not_recording
1749741780000,2025-06-12T15:23:00Z,1573-1-1-31,,device_not_recording
1749741840000,2025-06-12T15:24:00Z,1573-1-1-31,,device_not_recording
1749741900000,2025-06-12T15:25:00Z,1573-1-1-31,,device_not_recording
1749741960000,2025-06-12T15:26:00Z,1573-1-1-31,,device_not_recording
1749742020000,2025-06-12T15:27:00Z,1573-1-1-31,,device_not_recording
1749742080000,2025-06-12T15:28:00Z,1573-1-1-31,,device_not_recording
1749742140000,2025-06-12T15:29:00Z,1573-1-1-31,,device_not_recording
1749742200000,2025-06-12T15:30:00Z,1573-1-1-31,,device_not_recording
1749742260000,2025-06-12T15:31:00Z,1573-1-1-31,,device_not_recording
1749742320000,2025-06-12T15:32:00Z,1573-1-1-31,,device_not_recording
1749742380000,2025-06-12T15:33:00Z,1573-1-1-31,,device_not_recording
1749742440000,2025-06-12T15:34:00Z,1573-1-1-31,,device_not_recording
1749742500000,2025-06-12T15:35:00Z,1573-1-1-31,,device_not_recording
1749742560000,2025-06-12T15:36:00Z,1573-1-1-31,,device_not_recording
1749742620000,2025-06-12T15:37:00Z,1573-1-1-31,,device_not_recording
1749742680000,2025-06-12T15:38:00Z,1573-1-1-31,,device_not_recording
1749742740000,2025-06-12T15:39:00Z,1573-1-1-31,,device_not_recording
1749742800000,2025-06-12T15:40:00Z,1573-1-1-31,,device_not_recording
1749742860000,2025-06-12T15:41:00Z,1573-1-1-31,,device_not_recording
1749742920000,2025-06-12T15:42:00Z,1573-1-1-31,,device_not_recording
1749742980000,2025-06-12T15:43:00Z,1573-1-1-31,,device_not_recording
1749743040000,2025-06-12T15:44:00Z,1573-1-1-31,,device_not_recording
1749743100000,2025-06-12T15:45:00Z,1573-1-1-31,,device_not_recording
1749743160000,2025-06-12T15:46:00Z,1573-1-1-31,,device_not_recording
1749743220000,2025-06-12T15:47:00Z,1573-1-1-31,,device_not_recording
1749743280000,2025-06-12T15:48:00Z,1573-1-1-31,,device_not_recording
1749743340000,2025-06-12T15:49:00Z,1573-1-1-31,,device_not_recording
1749743400000,2025-06-12T15:50:00Z,1573-1-1-31,,device_not_recording
1749743460000,2025-06-12T15:51:00Z,1573-1-1-31,,device_not_recording
1749743520000,2025-06-12T15:52:00Z,1573-1-1-31,,device_not_recording
1749743580000,2025-06-12T15:53:00Z,1573-1-1-31,,device_not_recording
1749743640000,2025-06-12T15:54:00Z,1573-1-1-31,,device_not_recording
1749743700000,2025-06-12T15:55:00Z,1573-1-1-31,,device_not_recording
1749743760000,2025-06-12T15:56:00Z,1573-1-1-31,,device_not_recording
1749743820000,2025-06-12T15:57:00Z,1573-1-1-31,,device_not_recording
1749743880000,2025-06-12T15:58:00Z,1573-1-1-31,,device_not_recording
1749743940000,2025-06-12T15:59:00Z,1573-1-1-31,,device_not_recording
1749744000000,2025-06-12T16:00:00Z,1573-1-1-31,,device_not_recording
1749744060000,2025-06-12T16:01:00Z,1573-1-1-31,,device_not_recording
1749744120000,2025-06-12T16:02:00Z,1573-1-1-31,,device_not_recording
1749744180000,2025-06-12T16:03:00Z,1573-1-1-31,,device_not_recording
1749744240000,2025-06-12T16:04:00Z,1573-1-1-31,,device_not_recording
1749744300000,2025-06-12T16:05:00Z,1573-1-1-31,,device_not_recording
1749744360000,2025-06-12T16:06:00Z,1573-1-1-31,,device_not_recording
1749744420000,2025-06-12T16:07:00Z,1573-1-1-31,,device_not_recording
1749744480000,2025-06-12T16:08:00Z,1573-1-1-31,,device_not_recording
1749744540000,2025-06-12T16:09:00Z,1573-1-1-31,,device_not_recording
1749744600000,2025-06-12T16:10:00Z,1573-1-1-31,,device_not_recording
1749744660000,2025-06-12T16:11:00Z,1573-1-1-31,,device_not_recording
1749744720000,2025-06-12T16:12:00Z,1573-1-1-31,,device_not_recording
1749744780000,2025-06-12T16:13:00Z,1573-1-1-31,,device_not_recording
1749744840000,2025-06-12T16:14:00Z,1573-1-1-31,,device_not_recording
1749744900000,2025-06-12T16:15:00Z,1573-1-1-31,,device_not_recording
1749744960000,2025-06-12T16:16:00Z,1573-1-1-31,,device_not_recording
1749745020000,2025-06-12T16:17:00Z,1573-1-1-31,,device_not_recording
1749745080000,2025-06-12T16:18:00Z,1573-1-1-31,,device_not_recording
1749745140000,2025-06-12T16:19:00Z,1573-1-1-31,,device_not_recording
1749745200000,2025-06-12T16:20:00Z,1573-1-1-31,,device_not_recording
1749745260000,2025-06-12T16:21:00Z,1573-1-1-31,,device_not_recording
1749745320000,2025-06-12T16:22:00Z,1573-1-1-31,,device_not_recording
1749745380000,2025-06-12T16:23:00Z,1573-1-1-31,,device_not_recording
1749745440000,2025-06-12T16:24:00Z,1573-1-1-31,,device_not_recording
1749745500000,2025-06-12T16:25:00Z,1573-1-1-31,,device_not_recording
1749745560000,2025-06-12T16:26:00Z,1573-1-1-31,,device_not_recording
1749745620000,2025-06-12T16:27:00Z,1573-1-1-31,,device_not_recording
1749745680000,2025-06-12T16:28:00Z,1573-1-1-31,,device_not_recording
1749745740000,2025-06-12T16:29:00Z,1573-1-1-31,,device_not_recording
1749745800000,2025-06-12T16:30:00Z,1573-1-1-31,,device_not_recording
1749745860000,2025-06-12T16:31:00Z,1573-1-1-31,,device_not_recording
1749745920000,2025-06-12T16:32:00Z,1573-1-1-31,,device_not_recording
1749745980000,2025-06-12T16:33:00Z,1573-1-1-31,,device_not_recording
1749746040000,2025-06-12T16:34:00Z,1573-1-1-31,,device_not_recording
1749746100000,2025-06-12T16:35:00Z,1573-1-1-31,,device_not_recording
1749746160000,2025-06-12T16:36:00Z,1573-1-1-31,,device_not_recording
1749746220000,2025-06-12T16:37:00Z,1573-1-1-31,,device_not_recording
1749746280000,2025-06-12T16:38:00Z,1573-1-1-31,,device_not_recording
1749746340000,2025-06-12T16:39:00Z,1573-1-1-31,,device_not_recording
1749746400000,2025-06-12T16:40:00Z,1573-1-1-31,,device_not_recording
1749746460000,2025-06-12T16:41:00Z,1573-1-1-31,,device_not_recording
1749746520000,2025-06-12T16:42:00Z,1573-1-1-31,,device_not_recording
1749746580000,2025-06-12T16:43:00Z,1573-1-1-31,,device_not_recording
1749746640000,2025-06-12T16:44:00Z,1573-1-1-31,,device_not_recording
1749746700000,2025-06-12T16:45:00Z,1573-1-1-31,,device_not_recording
1749746760000,2025-06-12T16:46:00Z,1573-1-1-31,,device_not_recording
1749746820000,2025-06-12T16:47:00Z,1573-1-1-31,,device_not_recording
1749746880000,2025-06-12T16:48:00Z,1573-1-1-31,,device_not_recording
1749746940000,2025-06-12T16:49:00Z,1573-1-1-31,,device_not_recording
1749747000000,2025-06-12T16:50:00Z,1573-1-1-31,,device_not_recording
1749747060000,2025-06-12T16:51:00Z,1573-1-1-31,,device_not_recording
1749747120000,2025-06-12T16:52:00Z,1573-1-1-31,,device_not_recording
1749747180000,2025-06-12T16:53:00Z,1573-1-1-31,,device_not_recording
1749747240000,2025-06-12T16:54:00Z,1573-1-1-31,,device_not_recording
1749747300000,2025-06-12T16:55:00Z,1573-1-1-31,,device_not_recording
1749747360000,2025-06-12T16:56:00Z,1573-1-1-31,,device_not_recording
1749747420000,2025-06-12T16:57:00Z,1573-1-1-31,,device_not_recording
1749747480000,2025-06-12T16:58:00Z,1573-1-1-31,,device_not_recording
1749747540000,2025-06-12T16:59:00Z,1573-1-1-31,,device_not_recording
1749747600000,2025-06-12T17:00:00Z,1573-1-1-31,,device_not_recording
1749747660000,2025-06-12T17:01:00Z,1573-1-1-31,,device_not_recording
1749747720000,2025-06-12T17:02:00Z,1573-1-1-31,,device_not_recording
1749747780000,2025-06-12T17:03:00Z,1573-1-1-31,,device_not_recording
1749747840000,2025-06-12T17:04:00Z,1573-1-1-31,,device_not_recording
1749747900000,2025-06-12T17:05:00Z,1573-1-1-31,,device_not_recording
1749747960000,2025-06-12T17:06:00Z,1573-1-1-31,,device_not_recording
1749748020000,2025-06-12T17:07:00Z,1573-1-1-31,,device_not_recording
1749748080000,2025-06-12T17:08:00Z,1573-1-1-31,,device_not_recording
1749748140000,2025-06-12T17:09:00Z,1573-1-1-31,,device_not_recording
1749748200000,2025-06-12T17:10:00Z,1573-1-1-31,,device_not_recording
1749748260000,2025-06-12T17:11:00Z,1573-1-1-31,,device_not_recording
1749748320000,2025-06-12T17:12:00Z,1573-1-1-31,,device_not_recording
1749748380000,2025-06-12T17:13:00Z,1573-1-1-31,,device_not_recording
1749748440000,2025-06-12T17:14:00Z,1573-1-1-31,,device_not_recording
1749748500000,2025-06-12T17:15:00Z,1573-1-1-31,,device_not_recording
1749748560000,2025-06-12T17:16:00Z,1573-1-1-31,,device_not_recording
1749748620000,2025-06-12T17:17:00Z,1573-1-1-31,,device_not_recording
1749748680000,2025-06-12T17:18:00Z,1573-1-1-31,,device_not_recording
1749748740000,2025-06-12T17:19:00Z,1573-1-1-31,,device_not_recording
1749748800000,2025-06-12T17:20:00Z,1573-1-1-31,,device_not_recording
1749748860000,2025-06-12T17:21:00Z,1573-1-1-31,,device_not_recording
1749748920000,2025-06-12T17:22:00Z,1573-1-1-31,,device_not_recording
1749748980000,2025-06-12T17:23:00Z,1573-1-1-31,,device_not_recording
1749749040000,2025-06-12T17:24:00Z,1573-1-1-31,,device_not_recording
1749749100000,2025-06-12T17:25:00Z,1573-1-1-31,,device_not_recording
1749749160000,2025-06-12T17:26:00Z,1573-1-1-31,,device_not_recording
1749749220000,2025-06-12T17:27:00Z,1573-1-1-31,,device_not_recording
1749749280000,2025-06-12T17:28:00Z,1573-1-1-31,,device_not_recording
1749749340000,2025-06-12T17:29:00Z,1573-1-1-31,,device_not_recording
1749749400000,2025-06-12T17:30:00Z,1573-1-1-31,,device_not_recording
1749749460000,2025-06-12T17:31:00Z,1573-1-1-31,,device_not_recording
1749749520000,2025-06-12T17:32:00Z,1573-1-1-31,,device_not_recording
1749749580000,2025-06-12T17:33:00Z,1573-1-1-31,,device_not_recording
1749749640000,2025-06-12T17:34:00Z,1573-1-1-31,,device_not_recording
1749749700000,2025-06-12T17:35:00Z,1573-1-1-31,,device_not_recording
1749749760000,2025-06-12T17:36:00Z,1573-1-1-31,,device_not_recording
1749749820000,2025-06-12T17:37:00Z,1573-1-1-31,,device_not_recording
1749749880000,2025-06-12T17:38:00Z,1573-1-1-31,,device_not_recording
1749749940000,2025-06-12T17:39:00Z,1573-1-1-31,,device_not_recording
1749750000000,2025-06-12T17:40:00Z,1573-1-1-31,,device_not_recording
1749750060000,2025-06-12T17:41:00Z,1573-1-1-31,,device_not_recording
1749750120000,2025-06-12T17:42:00Z,1573-1-1-31,,device_not_recording
1749750180000,2025-06-12T17:43:00Z,1573-1-1-31,,device_not_recording
1749750240000,2025-06-12T17:44:00Z,1573-1-1-31,,device_not_recording
1749750300000,2025-06-12T17:45:00Z,1573-1-1-31,,device_not_recording
1749750360000,2025-06-12T17:46:00Z,1573-1-1-31,,device_not_recording
1749750420000,2025-06-12T17:47:00Z,1573-1-1-31,,device_not_recording
1749750480000,2025-06-12T17:48:00Z,1573-1-1-31,,device_not_recording
1749750540000,2025-06-12T17:49:00Z,1573-1-1-31,,device_not_recording
1749750600000,2025-06-12T17:50:00Z,1573-1-1-31,,device_not_recording
1749750660000,2025-06-12T17:51:00Z,1573-1-1-31,,device_not_recording
1749750720000,2025-06-12T17:52:00Z,1573-1-1-31,,device_not_recording
1749750780000,2025-06-12T17:53:00Z,1573-1-1-31,,device_not_recording
1749750840000,2025-06-12T17:54:00Z,1573-1-1-31,,device_not_recording
1749750900000,2025-06-12T17:55:00Z,1573-1-1-31,,device_not_recording
1749750960000,2025-06-12T17:56:00Z,1573-1-1-31,,device_not_recording
1749751020000,2025-06-12T17:57:00Z,1573-1-1-31,,device_not_recording
1749751080000,2025-06-12T17:58:00Z,1573-1-1-31,,device_not_recording
1749751140000,2025-06-12T17:59:00Z,1573-1-1-31,,device_not_recording
1749751200000,2025-06-12T18:00:00Z,1573-1-1-31,,device_not_recording
1749751260000,2025-06-12T18:01:00Z,1573-1-1-31,,device_not_recording
1749751320000,2025-06-12T18:02:00Z,1573-1-1-31,,device_not_recording
1749751380000,2025-06-12T18:03:00Z,1573-1-1-31,,device_not_recording
1749751440000,2025-06-12T18:04:00Z,1573-1-1-31,,device_not_recording
1749751500000,2025-06-12T18:05:00Z,1573-1-1-31,,device_not_recording
1749751560000,2025-06-12T18:06:00Z,1573-1-1-31,,device_not_recording
1749751620000,2025-06-12T18:07:00Z,1573-1-1-31,,device_not_recording
1749751680000,2025-06-12T18:08:00Z,1573-1-1-31,,device_not_recording
1749751740000,2025-06-12T18:09:00Z,1573-1-1-31,,device_not_recording
1749751800000,2025-06-12T18:10:00Z,1573-1-1-31,,device_not_recording
1749751860000,2025-06-12T18:11:00Z,1573-1-1-31,,device_not_recording
1749751920000,2025-06-12T18:12:00Z,1573-1-1-31,,device_not_recording
1749751980000,2025-06-12T18:13:00Z,1573-1-1-31,,device_not_recording
1749752040000,2025-06-12T18:14:00Z,1573-1-1-31,,device_not_recording
1749752100000,2025-06-12T18:15:00Z,1573-1-1-31,,device_not_recording
1749752160000,2025-06-12T18:16:00Z,1573-1-1-31,,device_not_recording
1749752220000,2025-06-12T18:17:00Z,1573-1-1-31,,device_not_recording
1749752280000,2025-06-12T18:18:00Z,1573-1-1-31,,device_not_recording
1749752340000,2025-06-12T18:19:00Z,1573-1-1-31,,device_not_recording
1749752400000,2025-06-12T18:20:00Z,1573-1-1-31,,device_not_recording
1749752460000,2025-06-12T18:21:00Z,1573-1-1-31,,device_not_recording
1749752520000,2025-06-12T18:22:00Z,1573-1-1-31,,device_not_recording
1749752580000,2025-06-12T18:23:00Z,1573-1-1-31,,device_not_recording
1749752640000,2025-06-12T18:24:00Z,1573-1-1-31,,device_not_recording
1749752700000,2025-06-12T18:25:00Z,1573-1-1-31,,device_not_recording
1749752760000,2025-06-12T18:26:00Z,1573-1-1-31,,device_not_recording
1749752820000,2025-06-12T18:27:00Z,1573-1-1-31,,device_not_recording
1749752880000,2025-06-12T18:28:00Z,1573-1-1-31,,device_not_recording
1749752940000,2025-06-12T18:29:00Z,1573-1-1-31,,device_not_recording
1749753000000,2025-06-12T18:30:00Z,1573-1-1-31,,device_not_recording
1749753060000,2025-06-12T18:31:00Z,1573-1-1-31,,device_not_recording
1749753120000,2025-06-12T18:32:00Z,1573-1-1-31,,device_not_recording
1749753180000,2025-06-12T18:33:00Z,1573-1-1-31,,device_not_recording
1749753240000,2025-06-12T18:34:00Z,1573-1-1-31,,device_not_recording
1749753300000,2025-06-12T18:35:00Z,1573-1-1-31,,device_not_recording
1749753360000,2025-06-12T18:36:00Z,1573-1-1-31,,device_not_recording
1749753420000,2025-06-12T18:37:00Z,1573-1-1-31,,device_not_recording
1749753480000,2025-06-12T18:38:00Z,1573-1-1-31,,device_not_recording
1749753540000,2025-06-12T18:39:00Z,1573-1-1-31,,device_not_recording
1749753600000,2025-06-12T18:40:00Z,1573-1-1-31,,device_not_recording
1749753660000,2025-06-12T18:41:00Z,1573-1-1-31,,device_not_recording
1749753720000,2025-06-12T18:42:00Z,1573-1-1-31,,device_not_recording
1749753780000,2025-06-12T18:43:00Z,1573-1-1-31,,device_not_recording
1749753840000,2025-06-12T18:44:00Z,1573-1-1-31,,device_not_recording
1749753900000,2025-06-12T18:45:00Z,1573-1-1-31,,device_not_recording
1749753960000,2025-06-12T18:46:00Z,1573-1-1-31,,device_not_recording
1749754020000,2025-06-12T18:47:00Z,1573-1-1-31,,device_not_recording
1749754080000,2025-06-12T18:48:00Z,1573-1-1-31,,device_not_recording
1749754140000,2025-06-12T18:49:00Z,1573-1-1-31,,device_not_recording
1749754200000,2025-06-12T18:50:00Z,1573-1-1-31,,device_not_recording
1749754260000,2025-06-12T18:51:00Z,1573-1-1-31,,device_not_recording
1749754320000,2025-06-12T18:52:00Z,1573-1-1-31,,device_not_recording
1749754380000,2025-06-12T18:53:00Z,1573-1-1-31,,device_not_recording
1749754440000,2025-06-12T18:54:00Z,1573-1-1-31,,device_not_recording
1749754500000,2025-06-12T18:55:00Z,1573-1-1-31,,device_not_recording
1749754560000,2025-06-12T18:56:00Z,1573-1-1-31,,device_not_recording
1749754620000,2025-06-12T18:57:00Z,1573-1-1-31,,device_not_recording
1749754680000,2025-06-12T18:58:00Z,1573-1-1-31,,device_not_recording
1749754740000,2025-06-12T18:59:00Z,1573-1-1-31,,device_not_recording
1749754800000,2025-06-12T19:00:00Z,1573-1-1-31,,device_not_recording
1749754860000,2025-06-12T19:01:00Z,1573-1-1-31,,device_not_recording
1749754920000,2025-06-12T19:02:00Z,1573-1-1-31,,device_not_recording
1749754980000,2025-06-12T19:03:00Z,1573-1-1-31,,device_not_recording
1749755040000,2025-06-12T19:04:00Z,1573-1-1-31,,device_not_recording
1749755100000,2025-06-12T19:05:00Z,1573-1-1-31,,device_not_recording
1749755160000,2025-06-12T19:06:00Z,1573-1-1-31,,device_not_recording
1749755220000,2025-06-12T19:07:00Z,1573-1-1-31,,device_not_recording
1749755280000,2025-06-12T19:08:00Z,1573-1-1-31,,device_not_recording
1749755340000,2025-06-12T19:09:00Z,1573-1-1-31,,device_not_recording
1749755400000,2025-06-12T19:10:00Z,1573-1-1-31,,device_not_recording
1749755460000,2025-06-12T19:11:00Z,1573-1-1-31,,device_not_recording
1749755520000,2025-06-12T19:12:00Z,1573-1-1-31,,device_not_recording
1749755580000,2025-06-12T19:13:00Z,1573-1-1-31,,device_not_recording
1749755640000,2025-06-12T19:14:00Z,1573-1-1-31,,device_not_recording
1749755700000,2025-06-12T19:15:00Z,1573-1-1-31,,device_not_recording
1749755760000,2025-06-12T19:16:00Z,1573-1-1-31,,device_not_recording
1749755820000,2025-06-12T19:17:00Z,1573-1-1-31,,device_not_recording
1749755880000,2025-06-12T19:18:00Z,1573-1-1-31,,device_not_recording
1749755940000,2025-06-12T19:19:00Z,1573-1-1-31,,device_not_recording
1749756000000,2025-06-12T19:20:00Z,1573-1-1-31,,device_not_recording
1749756060000,2025-06-12T19:21:00Z,1573-1-1-31,,device_not_recording
1749756120000,2025-06-12T19:22:00Z,1573-1-1-31,,device_not_recording
1749756180000,2025-06-12T19:23:00Z,1573-1-1-31,,device_not_recording
1749756240000,2025-06-12T19:24:00Z,1573-1-1-31,,device_not_recording
1749756300000,2025-06-12T19:25:00Z,1573-1-1-31,,device_not_recording
1749756360000,2025-06-12T19:26:00Z,1573-1-1-31,,device_not_recording
1749756420000,2025-06-12T19:27:00Z,1573-1-1-31,,device_not_recording
1749756480000,2025-06-12T19:28:00Z,1573-1-1-31,,device_not_recording
1749756540000,2025-06-12T19:29:00Z,1573-1-1-31,,device_not_recording
1749756600000,2025-06-12T19:30:00Z,1573-1-1-31,,device_not_recording
1749756660000,2025-06-12T19:31:00Z,1573-1-1-31,,device_not_recording
1749756720000,2025-06-12T19:32:00Z,1573-1-1-31,,device_not_recording
1749756780000,2025-06-12T19:33:00Z,1573-1-1-31,,device_not_recording
1749756840000,2025-06-12T19:34:00Z,1573-1-1-31,,device_not_recording
1749756900000,2025-06-12T19:35:00Z,1573-1-1-31,,device_not_recording
1749756960000,2025-06-12T19:36:00Z,1573-1-1-31,,device_not_recording
1749757020000,2025-06-12T19:37:00Z,1573-1-1-31,,device_not_recording
1749757080000,2025-06-12T19:38:00Z,1573-1-1-31,,device_not_recording
1749757140000,2025-06-12T19:39:00Z,1573-1-1-31,,device_not_recording
1749757200000,2025-06-12T19:40:00Z,1573-1-1-31,,device_not_recording
1749757260000,2025-06-12T19:41:00Z,1573-1-1-31,,device_not_recording
1749757320000,2025-06-12T19:42:00Z,1573-1-1-31,,device_not_recording
1749757380000,2025-06-12T19:43:00Z,1573-1-1-31,,device_not_recording
1749757440000,2025-06-12T19:44:00Z,1573-1-1-31,,device_not_recording
1749757500000,2025-06-12T19:45:00Z,1573-1-1-31,,device_not_recording
1749757560000,2025-06-12T19:46:00Z,1573-1-1-31,,device_not_recording
1749757620000,2025-06-12T19:47:00Z,1573-1-1-31,,device_not_recording
1749757680000,2025-06-12T19:48:00Z,1573-1-1-31,,device_not_recording
1749757740000,2025-06-12T19:49:00Z,1573-1-1-31,,device_not_recording
1749757800000,2025-06-12T19:50:00Z,1573-1-1-31,,device_not_recording
1749757860000,2025-06-12T19:51:00Z,1573-1-1-31,,device_not_recording
1749757920000,2025-06-12T19:52:00Z,1573-1-1-31,,device_not_recording
1749757980000,2025-06-12T19:53:00Z,1573-1-1-31,,device_not_recording
1749758040000,2025-06-12T19:54:00Z,1573-1-1-31,,device_not_recording
1749758100000,2025-06-12T19:55:00Z,1573-1-1-31,,device_not_recording
1749758160000,2025-06-12T19:56:00Z,1573-1-1-31,,device_not_recording
1749758220000,2025-06-12T19:57:00Z,1573-1-1-31,,device_not_recording
1749758280000,2025-06-12T19:58:00Z,1573-1-1-31,,device_not_recording
1749758340000,2025-06-12T19:59:00Z,1573-1-1-31,,device_not_recording
1749758400000,2025-06-12T20:00:00Z,1573-1-1-31,,device_not_recording
1749758460000,2025-06-12T20:01:00Z,1573-1-1-31,,device_not_recording
1749758520000,2025-06-12T20:02:00Z,1573-1-1-31,,device_not_recording
1749758580000,2025-06-12T20:03:00Z,1573-1-1-31,,device_not_recording
1749758640000,2025-06-12T20:04:00Z,1573-1-1-31,,device_not_recording
1749758700000,2025-06-12T20:05:00Z,1573-1-1-31,,device_not_recording
1749758760000,2025-06-12T20:06:00Z,1573-1-1-31,,device_not_recording
1749758820000,2025-06-12T20:07:00Z,1573-1-1-31,,device_not_recording
1749758880000,2025-06-12T20:08:00Z,1573-1-1-31,,device_not_recording
1749758940000,2025-06-12T20:09:00Z,1573-1-1-31,,device_not_recording
1749759000000,2025-06-12T20:10:00Z,1573-1-1-31,,device_not_recording
1749759060000,2025-06-12T20:11:00Z,1573-1-1-31,,device_not_recording
1749759120000,2025-06-12T20:12:00Z,1573-1-1-31,,device_not_recording
1749759180000,2025-06-12T20:13:00Z,1573-1-1-31,,device_not_recording
1749759240000,2025-06-12T20:14:00Z,1573-1-1-31,,device_not_recording
1749759300000,2025-06-12T20:15:00Z,1573-1-1-31,,device_not_recording
1749759360000,2025-06-12T20:16:00Z,1573-1-1-31,,device_not_recording
1749759420000,2025-06-12T20:17:00Z,1573-1-1-31,,device_not_recording
1749759480000,2025-06-12T20:18:00Z,1573-1-1-31,,device_not_recording
1749759540000,2025-06-12T20:19:00Z,1573-1-1-31,,device_not_recording
1749759600000,2025-06-12T20:20:00Z,1573-1-1-31,,device_not_recording
1749759660000,2025-06-12T20:21:00Z,1573-1-1-31,,device_not_recording
1749759720000,2025-06-12T20:22:00Z,1573-1-1-31,,device_not_recording
1749759780000,2025-06-12T20:23:00Z,1573-1-1-31,,device_not_recording
1749759840000,2025-06-12T20:24:00Z,1573-1-1-31,,device_not_recording
1749759900000,2025-06-12T20:25:00Z,1573-1-1-31,,device_not_recording
1749759960000,2025-06-12T20:26:00Z,1573-1-1-31,,device_not_recording
1749760020000,2025-06-12T20:27:00Z,1573-1-1-31,,device_not_recording
1749760080000,2025-06-12T20:28:00Z,1573-1-1-31,,device_not_recording
1749760140000,2025-06-12T20:29:00Z,1573-1-1-31,,device_not_recording
1749760200000,2025-06-12T20:30:00Z,1573-1-1-31,,device_not_recording
1749760260000,2025-06-12T20:31:00Z,1573-1-1-31,,device_not_recording
1749760320000,2025-06-12T20:32:00Z,1573-1-1-31,,device_not_recording
1749760380000,2025-06-12T20:33:00Z,1573-1-1-31,,device_not_recording
1749760440000,2025-06-12T20:34:00Z,1573-1-1-31,,device_not_recording
1749760500000,2025-06-12T20:35:00Z,1573-1-1-31,,device_not_recording
1749760560000,2025-06-12T20:36:00Z,1573-1-1-31,,device_not_recording
1749760620000,2025-06-12T20:37:00Z,1573-1-1-31,,device_not_recording
1749760680000,2025-06-12T20:38:00Z,1573-1-1-31,,device_not_recording
1749760740000,2025-06-12T20:39:00Z,1573-1-1-31,,device_not_recording
1749760800000,2025-06-12T20:40:00Z,1573-1-1-31,,device_not_recording
1749760860000,2025-06-12T20:41:00Z,1573-1-1-31,,device_not_recording
1749760920000,2025-06-12T20:42:00Z,1573-1-1-31,,device_not_recording
1749760980000,2025-06-12T20:43:00Z,1573-1-1-31,,device_not_recording
1749761040000,2025-06-12T20:44:00Z,1573-1-1-31,,device_not_recording
1749761100000,2025-06-12T20:45:00Z,1573-1-1-31,,device_not_recording
1749761160000,2025-06-12T20:46:00Z,1573-1-1-31,,device_not_recording
1749761220000,2025-06-12T20:47:00Z,1573-1-1-31,,device_not_recording
1749761280000,2025-06-12T20:48:00Z,1573-1-1-31,,device_not_recording
1749761340000,2025-06-12T20:49:00Z,1573-1-1-31,,device_not_recording
1749761400000,2025-06-12T20:50:00Z,1573-1-1-31,,device_not_recording
1749761460000,2025-06-12T20:51:00Z,1573-1-1-31,,device_not_recording
1749761520000,2025-06-12T20:52:00Z,1573-1-1-31,,device_not_recording
1749761580000,2025-06-12T20:53:00Z,1573-1-1-31,,device_not_recording
1749761640000,2025-06-12T20:54:00Z,1573-1-1-31,,device_not_recording
1749761700000,2025-06-12T20:55:00Z,1573-1-1-31,,device_not_recording
1749761760000,2025-06-12T20:56:00Z,1573-1-1-31,,device_not_recording
1749761820000,2025-06-12T20:57:00Z,1573-1-1-31,,device_not_recording
1749761880000,2025-06-12T20:58:00Z,1573-1-1-31,,device_not_recording
1749761940000,2025-06-12T20:59:00Z,1573-1-1-31,,device_not_recording
1749762000000,2025-06-12T21:00:00Z,1573-1-1-31,,device_not_recording
1749762060000,2025-06-12T21:01:00Z,1573-1-1-31,,device_not_recording
1749762120000,2025-06-12T21:02:00Z,1573-1-1-31,,device_not_recording
1749762180000,2025-06-12T21:03:00Z,1573-1-1-31,,device_not_recording
1749762240000,2025-06-12T21:04:00Z,1573-1-1-31,,device_not_recording
1749762300000,2025-06-12T21:05:00Z,1573-1-1-31,,device_not_recording
1749762360000,2025-06-12T21:06:00Z,1573-1-1-31,,device_not_recording
1749762420000,2025-06-12T21:07:00Z,1573-1-1-31,,device_not_recording
1749762480000,2025-06-12T21:08:00Z,1573-1-1-31,,device_not_recording
1749762540000,2025-06-12T21:09:00Z,1573-1-1-31,,device_not_recording
1749762600000,2025-06-12T21:10:00Z,1573-1-1-31,,device_not_recording
1749762660000,2025-06-12T21:11:00Z,1573-1-1-31,,device_not_recording
1749762720000,2025-06-12T21:12:00Z,1573-1-1-31,,device_not_recording
1749762780000,2025-06-12T21:13:00Z,1573-1-1-31,,device_not_recording
1749762840000,2025-06-12T21:14:00Z,1573-1-1-31,,device_not_recording
1749762900000,2025-06-12T21:15:00Z,1573-1-1-31,,device_not_recording
1749762960000,2025-06-12T21:16:00Z,1573-1-1-31,,device_not_recording
1749763020000,2025-06-12T21:17:00Z,1573-1-1-31,,device_not_recording
1749763080000,2025-06-12T21:18:00Z,1573-1-1-31,,device_not_recording
1749763140000,2025-06-12T21:19:00Z,1573-1-1-31,,device_not_recording
1749763200000,2025-06-12T21:20:00Z,1573-1-1-31,,device_not_recording
1749763260000,2025-06-12T21:21:00Z,1573-1-1-31,,device_not_recording
1749763320000,2025-06-12T21:22:00Z,1573-1-1-31,,device_not_recording
1749763380000,2025-06-12T21:23:00Z,1573-1-1-31,,device_not_recording
1749763440000,2025-06-12T21:24:00Z,1573-1-1-31,,device_not_recording
1749763500000,2025-06-12T21:25:00Z,1573-1-1-31,,device_not_recording
1749763560000,2025-06-12T21:26:00Z,1573-1-1-31,,device_not_recording
1749763620000,2025-06-12T21:27:00Z,1573-1-1-31,,device_not_recording
1749763680000,2025-06-12T21:28:00Z,1573-1-1-31,,device_not_recording
1749763740000,2025-06-12T21:29:00Z,1573-1-1-31,,device_not_recording
1749763800000,2025-06-12T21:30:00Z,1573-1-1-31,,device_not_recording
1749763860000,2025-06-12T21:31:00Z,1573-1-1-31,,device_not_recording
1749763920000,2025-06-12T21:32:00Z,1573-1-1-31,,device_not_recording
1749763980000,2025-06-12T21:33:00Z,1573-1-1-31,,device_not_recording
1749764040000,2025-06-12T21:34:00Z,1573-1-1-31,,device_not_recording
1749764100000,2025-06-12T21:35:00Z,1573-1-1-31,,device_not_recording
1749764160000,2025-06-12T21:36:00Z,1573-1-1-31,,device_not_recording
1749764220000,2025-06-12T21:37:00Z,1573-1-1-31,,device_not_recording
1749764280000,2025-06-12T21:38:00Z,1573-1-1-31,,device_not_recording
1749764340000,2025-06-12T21:39:00Z,1573-1-1-31,,device_not_recording
1749764400000,2025-06-12T21:40:00Z,1573-1-1-31,,device_not_recording
1749764460000,2025-06-12T21:41:00Z,1573-1-1-31,,device_not_recording
1749764520000,2025-06-12T21:42:00Z,1573-1-1-31,,device_not_recording
1749764580000,2025-06-12T21:43:00Z,1573-1-1-31,,device_not_recording
1749764640000,2025-06-12T21:44:00Z,1573-1-1-31,,device_not_recording
1749764700000,2025-06-12T21:45:00Z,1573-1-1-31,,device_not_recording
1749764760000,2025-06-12T21:46:00Z,1573-1-1-31,,device_not_recording
1749764820000,2025-06-12T21:47:00Z,1573-1-1-31,,device_not_recording
1749764880000,2025-06-12T21:48:00Z,1573-1-1-31,,device_not_recording
1749764940000,2025-06-12T21:49:00Z,1573-1-1-31,,device_not_recording
1749765000000,2025-06-12T21:50:00Z,1573-1-1-31,,device_not_recording
1749765060000,2025-06-12T21:51:00Z,1573-1-1-31,,device_not_recording
1749765120000,2025-06-12T21:52:00Z,1573-1-1-31,,device_not_recording
1749765180000,2025-06-12T21:53:00Z,1573-1-1-31,,device_not_recording
1749765240000,2025-06-12T21:54:00Z,1573-1-1-31,,device_not_recording
1749765300000,2025-06-12T21:55:00Z,1573-1-1-31,29.99,
1749765360000,2025-06-12T21:56:00Z,1573-1-1-31,30.45,
1749765420000,2025-06-12T21:57:00Z,1573-1-1-31,,device_not_recording
1749765480000,2025-06-12T21:58:00Z,1573-1-1-31,31.37,
1749765540000,2025-06-12T21:59:00Z,1573-1-1-31,31.66,
1749765600000,2025-06-12T22:00:00Z,1573-1-1-31,31.89,
1749765660000,2025-06-12T22:01:00Z,1573-1-1-31,32.05,
1749765720000,2025-06-12T22:02:00Z,1573-1-1-31,32.23,
1749765780000,2025-06-12T22:03:00Z,1573-1-1-31,32.45,
1749765840000,2025-06-12T22:04:00Z,1573-1-1-31,32.5,
1749765900000,2025-06-12T22:05:00Z,1573-1-1-31,32.59,
1749765960000,2025-06-12T22:06:00Z,1573-1-1-31,32.74,
1749766020000,2025-06-12T22:07:00Z,1573-1-1-31,32.83,
1749766080000,2025-06-12T22:08:00Z,1573-1-1-31,32.94,
1749766140000,2025-06-12T22:09:00Z,1573-1-1-31,33.11,
1749766200000,2025-06-12T22:10:00Z,1573-1-1-31,33.31,
1749766260000,2025-06-12T22:11:00Z,1573-1-1-31,33.35,
1749766320000,2025-06-12T22:12:00Z,1573-1-1-31,33.51,
1749766380000,2025-06-12T22:13:00Z,1573-1-1-31,33.61,
1749766440000,2025-06-12T22:14:00Z,1573-1-1-31,33.67,
1749766500000,2025-06-12T22:15:00Z,1573-1-1-31,33.67,
1749766560000,2025-06-12T22:16:00Z,1573-1-1-31,33.66,
1749766620000,2025-06-12T22:17:00Z,1573-1-1-31,33.68,
1749766680000,2025-06-12T22:18:00Z,1573-1-1-31,33.54,
1749766740000,2025-06-12T22:19:00Z,1573-1-1-31,33.6,
1749766800000,2025-06-12T22:20:00Z,1573-1-1-31,33.66,
1749766860000,2025-06-12T22:21:00Z,1573-1-1-31,33.62,
1749766920000,2025-06-12T22:22:00Z,1573-1-1-31,33.56,
1749766980000,2025-06-12T22:23:00Z,1573-1-1-31,33.37,
1749767040000,2025-06-12T22:24:00Z,1573-1-1-31,33.18,
1749767100000,2025-06-12T22:25:00Z,1573-1-1-31,33.15,
1749767160000,2025-06-12T22:26:00Z,1573-1-1-31,33.21,
1749767220000,2025-06-12T22:27:00Z,1573-1-1-31,33.21,
1749767280000,2025-06-12T22:28:00Z,1573-1-1-31,,device_not_recording
1749767340000,2025-06-12T22:29:00Z,1573-1-1-31,,device_not_recording
1749767400000,2025-06-12T22:30:00Z,1573-1-1-31,,device_not_recording
1749767460000,2025-06-12T22:31:00Z,1573-1-1-31,,device_not_recording
1749767520000,2025-06-12T22:32:00Z,1573-1-1-31,,device_not_recording
1749767580000,2025-06-12T22:33:00Z,1573-1-1-31,,device_not_recording
1749767640000,2025-06-12T22:34:00Z,1573-1-1-31,,device_not_recording
1749767700000,2025-06-12T22:35:00Z,1573-1-1-31,,device_not_recording
1749767760000,2025-06-12T22:36:00Z,1573-1-1-31,,device_not_recording
1749767820000,2025-06-12T22:37:00Z,1573-1-1-31,,device_not_recording
1749767880000,2025-06-12T22:38:00Z,1573-1-1-31,,device_not_recording
1749767940000,2025-06-12T22:39:00Z,1573-1-1-31,,device_not_recording
1749768000000,2025-06-12T22:40:00Z,1573-1-1-31,,device_not_recording
1749768060000,2025-06-12T22:41:00Z,1573-1-1-31,,device_not_recording
1749768120000,2025-06-12T22:42:00Z,1573-1-1-31,,device_not_recording
1749768180000,2025-06-12T22:43:00Z,1573-1-1-31,,device_not_recording
1749768240000,2025-06-12T22:44:00Z,1573-1-1-31,,device_not_recording
1749768300000,2025-06-12T22:45:00Z,1573-1-1-31,,device_not_recording
1749768360000,2025-06-12T22:46:00Z,1573-1-1-31,,device_not_recording
1749768420000,2025-06-12T22:47:00Z,1573-1-1-31,,device_not_recording
1749768480000,2025-06-12T22:48:00Z,1573-1-1-31,,device_not_recording
1749768540000,2025-06-12T22:49:00Z,1573-1-1-31,,device_not_recording
1749768600000,2025-06-12T22:50:00Z,1573-1-1-31,,device_not_recording
1749768660000,2025-06-12T22:51:00Z,1573-1-1-31,,device_not_recording
1749768720000,2025-06-12T22:52:00Z,1573-1-1-31,,device_not_recording
1749768780000,2025-06-12T22:53:00Z,1573-1-1-31,,device_not_recording
1749768840000,2025-06-12T22:54:00Z,1573-1-1-31,,device_not_recording
1749768900000,2025-06-12T22:55:00Z,1573-1-1-31,,device_not_recording
1749768960000,2025-06-12T22:56:00Z,1573-1-1-31,,device_not_recording
1749769020000,2025-06-12T22:57:00Z,1573-1-1-31,,device_not_recording
1749769080000,2025-06-12T22:58:00Z,1573-1-1-31,,device_not_recording
1749769140000,2025-06-12T22:59:00Z,1573-1-1-31,,device_not_recording
1749769200000,2025-06-12T23:00:00Z,1573-1-1-31,,device_not_recording
1749769260000,2025-06-12T23:01:00Z,1573-1-1-31,,device_not_recording
1749769320000,2025-06-12T23:02:00Z,1573-1-1-31,,device_not_recording
1749769380000,2025-06-12T23:03:00Z,1573-1-1-31,,device_not_recording
1749769440000,2025-06-12T23:04:00Z,1573-1-1-31,,device_not_recording
1749769500000,2025-06-12T23:05:00Z,1573-1-1-31,,device_not_recording
1749769560000,2025-06-12T23:06:00Z,1573-1-1-31,,device_not_recording
1749769620000,2025-06-12T23:07:00Z,1573-1-1-31,,device_not_recording
1749769680000,2025-06-12T23:08:00Z,1573-1-1-31,,device_not_recording
1749769740000,2025-06-12T23:09:00Z,1573-1-1-31,,device_not_recording
1749769800000,2025-06-12T23:10:00Z,1573-1-1-31,,device_not_recording
1749769860000,2025-06-12T23:11:00Z,1573-1-1-31,,device_not_recording
1749769920000,2025-06-12T23:12:00Z,1573-1-1-31,,device_not_recording
1749769980000,2025-06-12T23:13:00Z,1573-1-1-31,,device_not_recording
1749770040000,2025-06-12T23:14:00Z,1573-1-1-31,,device_not_recording
1749770100000,2025-06-12T23:15:00Z,1573-1-1-31,,device_not_recording
1749770160000,2025-06-12T23:16:00Z,1573-1-1-31,,device_not_recording
1749770220000,2025-06-12T23:17:00Z,1573-1-1-31,,device_not_recording
1749770280000,2025-06-12T23:18:00Z,1573-1-1-31,,device_not_recording
1749770340000,2025-06-12T23:19:00Z,1573-1-1-31,,device_not_recording
1749770400000,2025-06-12T23:20:00Z,1573-1-1-31,,device_not_recording
1749770460000,2025-06-12T23:21:00Z,1573-1-1-31,,device_not_recording
1749770520000,2025-06-12T23:22:00Z,1573-1-1-31,,device_not_recording
1749770580000,2025-06-12T23:23:00Z,1573-1-1-31,,device_not_recording
1749770640000,2025-06-12T23:24:00Z,1573-1-1-31,,device_not_recording
1749770700000,2025-06-12T23:25:00Z,1573-1-1-31,,device_not_recording
1749770760000,2025-06-12T23:26:00Z,1573-1-1-31,,device_not_recording
1749770820000,2025-06-12T23:27:00Z,1573-1-1-31,,device_not_recording
1749770880000,2025-06-12T23:28:00Z,1573-1-1-31,,device_not_recording
1749770940000,2025-06-12T23:29:00Z,1573-1-1-31,,device_not_recording
1749771000000,2025-06-12T23:30:00Z,1573-1-1-31,,device_not_recording
1749771060000,2025-06-12T23:31:00Z,1573-1-1-31,,device_not_recording
1749771120000,2025-06-12T23:32:00Z,1573-1-1-31,,device_not_recording
1749771180000,2025-06-12T23:33:00Z,1573-1-1-31,,device_not_recording
1749771240000,2025-06-12T23:34:00Z,1573-1-1-31,,device_not_recording
1749771300000,2025-06-12T23:35:00Z,1573-1-1-31,,device_not_recording
1749771360000,2025-06-12T23:36:00Z,1573-1-1-31,,device_not_recording
1749771420000,2025-06-12T23:37:00Z,1573-1-1-31,,device_not_recording
1749771480000,2025-06-12T23:38:00Z,1573-1-1-31,,device_not_recording
1749771540000,2025-06-12T23:39:00Z,1573-1-1-31,,device_not_recording
1749771600000,2025-06-12T23:40:00Z,1573-1-1-31,,device_not_recording
1749771660000,2025-06-12T23:41:00Z,1573-1-1-31,,device_not_recording
1749771720000,2025-06-12T23:42:00Z,1573-1-1-31,,device_not_recording
1749771780000,2025-06-12T23:43:00Z,1573-1-1-31,,device_not_recording
1749771840000,2025-06-12T23:44:00Z,1573-1-1-31,,device_not_recording
1749771900000,2025-06-12T23:45:00Z,1573-1-1-31,,device_not_recording
1749771960000,2025-06-12T23:46:00Z,1573-1-1-31,,device_not_recording
1749772020000,2025-06-12T23:47:00Z,1573-1-1-31,,device_not_recording
1749772080000,2025-06-12T23:48:00Z,1573-1-1-31,,device_not_recording
1749772140000,2025-06-12T23:49:00Z,1573-1-1-31,,device_not_recording
1749772200000,2025-06-12T23:50:00Z,1573-1-1-31,,device_not_recording
1749772260000,2025-06-12T23:51:00Z,1573-1-1-31,,device_not_recording
1749772320000,2025-06-12T23:52:00Z,1573-1-1-31,,device_not_recording
1749772380000,2025-06-12T23:53:00Z,1573-1-1-31,,device_not_recording
1749772440000,2025-06-12T23:54:00Z,1573-1-1-31,,device_not_recording
1749772500000,2025-06-12T23:55:00Z,1573-1-1-31,,device_not_recording
1749772560000,2025-06-12T23:56:00Z,1573-1-1-31,,device_not_recording
1749772620000,2025-06-12T23:57:00Z,1573-1-1-31,,device_not_recording
1749772680000,2025-06-12T23:58:00Z,1573-1-1-31,,device_not_recording
1749772740000,2025-06-12T23:59:00Z,1573-1-1-31,,device_not_recording
